RT 0 2
T 1 2
0 0
ha 1
fa 0 0 0 -1
RT 1 2
T 2 2
0 0
ha 2
fa 0 0 0 -1
RT 2 2
T 3 2
0 0
ha 3
fa 0 0 0 -1
RT 3 2
T 4 2
0 0
ha 4
fa 0 0 0 -1
RT 4 2
T 5 2
0 0
ha 5
fa 0 0 0 -1
RT 5 2
T 6 2
0 0
ha 6
fa 0 0 0 -1
RT 6 2
T 7 2
0 0
ha 7
fa 0 0 0 -1
RT 7 2
T 8 2
0 0
ha 8
fa 0 0 0 -1
RT 8 2
T 9 2
0 0
ha 9
fa 0 0 0 -1
RT 9 2
T 10 2
0 0
ha 10
fa 0 0 0 -1
RT 10 2
T 11 2
0 0
ha 11
fa 0 0 0 -1
RT 11 2
T 12 2
0 0
ha 12
fa 0 0 0 -1
RT 12 2
T 13 2
0 0
ha 13
fa 0 0 0 -1
RT 13 2
T 14 2
0 0
ha 14
fa 0 0 0 -1
RT 14 2
T 15 2
0 0
ha 15
fa 0 0 0 -1
RT 15 2
T 16 2
0 0
ha 16
fa 0 0 0 -1
RT 16 2
T 17 2
0 0
ha 17
fa 0 0 0 -1
RT 17 2
T 18 2
0 0
ha 18
fa 0 0 0 -1
RT 18 2
T 19 2
0 0
ha 19
fa 0 0 0 -1
RT 19 2
T 20 2
0 0
ha 20
fa 0 0 0 -1
RT 20 2
T 21 2
0 0
ha 21
fa 0 0 0 -1
RT 21 2
T 22 2
0 0
ha 22
fa 0 0 0 -1
RT 22 2
T 23 2
0 0
ha 23
fa 0 0 0 -1
RT 23 2
T 24 2
0 0
ha 24
fa 0 0 0 -1
RT 24 2
T 25 2
0 0
ha 25
fa 0 0 0 -1
RT 25 2
T 26 2
0 0
ha 26
fa 0 0 0 -1
RT 26 2
T 27 2
0 0
ha 27
fa 0 0 0 -1
RT 27 2
T 28 2
0 0
ha 28
fa 0 0 0 -1
RT 28 2
T 29 2
0 0
ha 29
fa 0 0 0 -1
RT 29 2
T 30 2
0 0
ha 30
fa 0 0 0 -1
RT 30 2
T 31 2
0 0
ha 31
fa 0 0 0 -1
RT 31 2
T 32 2
0 0
ha 32
fa 0 0 0 -1
RT 32 2
T 33 2
0 0
ha 33
fa 0 0 0 -1
RT 33 2
T 34 2
0 0
ha 34
fa 0 0 0 -1
RT 34 2
T 35 2
0 0
ha 35
fa 0 0 0 -1
RT 35 2
T 36 2
0 0
ha 36
fa 0 0 0 -1
RT 36 2
T 37 2
0 0
ha 37
fa 0 0 0 -1
RT 37 2
T 38 2
0 0
ha 38
fa 0 0 0 -1
RT 38 2
T 39 2
0 0
ha 39
fa 0 0 0 -1
RT 39 2
T 40 2
0 0
ha 40
fa 0 0 0 -1
RT 40 2
T 41 2
0 0
ha 41
fa 0 0 0 -1
RT 41 2
T 42 2
0 0
ha 42
fa 0 0 0 -1
RT 42 2
T 43 2
0 0
ha 43
fa 0 0 0 -1
RT 43 2
T 44 2
0 0
ha 44
fa 0 0 0 -1
RT 44 2
T 45 2
0 0
ha 45
fa 0 0 0 -1
RT 45 2
T 46 2
0 0
ha 46
fa 0 0 0 -1
RT 46 2
T 47 2
0 0
ha 47
fa 0 0 0 -1
RT 47 2
T 48 2
0 0
ha 48
fa 0 0 0 -1
RT 48 2
T 49 2
0 0
ha 49
fa 0 0 0 -1
RT 49 2
T 50 2
0 0
ha 50
fa 0 0 0 -1
RT 50 2
T 51 2
0 0
ha 51
fa 0 0 0 -1
RT 51 2
T 52 2
0 0
ha 52
fa 0 0 0 -1
RT 52 2
T 53 2
0 0
ha 53
fa 0 0 0 -1
RT 53 2
T 54 2
0 0
ha 54
fa 0 0 0 -1
RT 54 2
T 55 2
0 0
ha 55
fa 0 0 0 -1
RT 55 2
T 56 2
0 0
ha 56
fa 0 0 0 -1
RT 56 2
T 57 2
0 0
ha 57
fa 0 0 0 -1
RT 57 2
T 58 2
0 0
ha 58
fa 0 0 0 -1
RT 58 2
T 59 2
0 0
ha 59
fa 0 0 0 -1
RT 59 2
T 60 2
0 0
ha 60
fa 0 0 0 -1
RT 60 2
T 61 2
0 0
ha 61
fa 0 0 0 -1
RT 61 2
T 62 2
0 0
ha 62
fa 0 0 0 -1
RT 62 2
T 63 2
0 0
ha 63
fa 0 0 0 -1
RT 63 2
T 64 2
0 0
ha 64
fa 0 0 0 -1
RT 64 2
T 65 2
0 0
ha 65
fa 0 0 0 -1
RT 65 2
T 66 2
0 0
ha 66
fa 0 0 0 -1
RT 66 2
T 67 2
0 0
ha 67
fa 0 0 0 -1
RT 67 2
T 68 2
0 0
ha 68
fa 0 0 0 -1
RT 68 2
T 69 2
0 0
ha 69
fa 0 0 0 -1
RT 69 2
T 70 2
0 0
ha 70
fa 0 0 0 -1
RT 70 2
T 71 2
0 0
ha 71
fa 0 0 0 -1
RT 71 2
T 72 2
0 0
ha 72
fa 0 0 0 -1
RT 72 2
T 73 2
0 0
ha 73
fa 0 0 0 -1
RT 73 2
T 74 2
0 0
ha 74
fa 0 0 0 -1
RT 74 2
T 75 2
0 0
ha 75
fa 0 0 0 -1
RT 75 2
T 76 2
0 0
ha 76
fa 0 0 0 -1
RT 76 2
T 77 2
0 0
ha 77
fa 0 0 0 -1
RT 77 2
T 78 2
0 0
ha 78
fa 0 0 0 -1
RT 78 2
T 79 2
0 0
ha 79
fa 0 0 0 -1
RT 79 2
T 80 2
0 0
ha 80
fa 0 0 0 -1
RT 80 2
T 81 2
0 0
ha 81
fa 0 0 0 -1
RT 81 2
T 82 2
0 0
ha 82
fa 0 0 0 -1
RT 82 2
T 83 2
0 0
ha 83
fa 0 0 0 -1
RT 83 2
T 84 2
0 0
ha 84
fa 0 0 0 -1
RT 84 2
T 85 2
0 0
ha 85
fa 0 0 0 -1
RT 85 2
T 86 2
0 0
ha 86
fa 0 0 0 -1
RT 86 2
T 87 2
0 0
ha 87
fa 0 0 0 -1
RT 87 2
T 88 2
0 0
ha 88
fa 0 0 0 -1
RT 88 2
T 89 2
0 0
ha 89
fa 0 0 0 -1
RT 89 2
T 90 2
0 0
ha 90
fa 0 0 0 -1
RT 90 2
T 91 2
0 0
ha 91
fa 0 0 0 -1
RT 91 2
T 92 2
0 0
ha 92
fa 0 0 0 -1
RT 92 2
T 93 2
0 0
ha 93
fa 0 0 0 -1
RT 93 2
T 94 2
0 0
ha 94
fa 0 0 0 -1
RT 94 2
T 95 2
0 0
ha 95
fa 0 0 0 -1
RT 95 2
T 96 2
0 0
ha 96
fa 0 0 0 -1
RT 96 2
T 97 2
0 0
ha 97
fa 0 0 0 -1
RT 97 2
T 98 2
0 0
ha 98
fa 0 0 0 -1
RT 98 2
T 99 2
0 0
ha 99
fa 0 0 0 -1
RT 99 2
T 100 2
0 0
ha 100
fa 0 0 0 -1
RT 100 2
T 101 2
0 0
ha 101
fa 0 0 0 -1
RT 101 2
T 102 2
0 0
ha 102
fa 0 0 0 -1
RT 102 2
T 103 2
0 0
ha 103
fa 0 0 0 -1
RT 103 2
T 104 2
0 0
ha 104
fa 0 0 0 -1
RT 104 2
T 105 2
0 0
ha 105
fa 0 0 0 -1
RT 105 2
T 106 2
0 0
ha 106
fa 0 0 0 -1
RT 106 2
T 107 2
0 0
ha 107
fa 0 0 0 -1
RT 107 2
T 108 2
0 0
ha 108
fa 0 0 0 -1
RT 108 2
T 109 2
0 0
ha 109
fa 0 0 0 -1
RT 109 2
T 110 2
0 0
ha 110
fa 0 0 0 -1
RT 110 2
T 111 2
0 0
ha 111
fa 0 0 0 -1
RT 111 2
T 112 2
0 0
ha 112
fa 0 0 0 -1
RT 112 2
T 113 2
0 0
ha 113
fa 0 0 0 -1
RT 113 2
T 114 2
0 0
ha 114
fa 0 0 0 -1
RT 114 2
T 115 2
0 0
ha 115
fa 0 0 0 -1
RT 115 2
T 116 2
0 0
ha 116
fa 0 0 0 -1
RT 116 2
T 117 2
0 0
ha 117
fa 0 0 0 -1
RT 117 2
T 118 2
0 0
ha 118
fa 0 0 0 -1
RT 118 2
T 119 2
0 0
ha 119
fa 0 0 0 -1
RT 119 2
T 120 2
0 0
ha 120
fa 0 0 0 -1
RT 120 2
T 121 2
0 0
ha 121
fa 0 0 0 -1
RT 121 2
T 122 2
0 0
ha 122
fa 0 0 0 -1
RT 122 2
T 123 2
0 0
ha 123
fa 0 0 0 -1
RT 123 2
T 124 2
0 0
ha 124
fa 0 0 0 -1
RT 124 2
T 125 2
0 0
ha 125
fa 0 0 0 -1
RT 125 2
T 126 2
0 0
ha 126
fa 0 0 0 -1
RT 126 2
T 127 2
0 0
ha 127
fa 0 0 0 -1
RT 127 2
T 128 2
0 0
ha 128
fa 0 0 0 -1
RT 128 2
T 129 2
0 0
ha 129
fa 0 0 0 -1
RT 129 2
T 130 2
0 0
ha 130
fa 0 0 0 -1
RT 130 2
T 131 2
0 0
ha 131
fa 0 0 0 -1
RT 131 2
T 132 2
0 0
ha 132
fa 0 0 0 -1
RT 132 2
T 133 2
0 0
ha 133
fa 0 0 0 -1
RT 133 2
T 134 2
0 0
ha 134
fa 0 0 0 -1
RT 134 2
T 135 2
0 0
ha 135
fa 0 0 0 -1
RT 135 2
T 136 2
0 0
ha 136
fa 0 0 0 -1
RT 136 2
T 137 2
0 0
ha 137
fa 0 0 0 -1
RT 137 2
T 138 2
0 0
ha 138
fa 0 0 0 -1
RT 138 2
T 139 2
0 0
ha 139
fa 0 0 0 -1
RT 139 2
T 140 2
0 0
ha 140
fa 0 0 0 -1
RT 140 2
T 141 2
0 0
ha 141
fa 0 0 0 -1
RT 141 2
T 142 2
0 0
ha 142
fa 0 0 0 -1
RT 142 2
T 143 2
0 0
ha 143
fa 0 0 0 -1
RT 143 2
T 144 2
0 0
ha 144
fa 0 0 0 -1
RT 144 2
T 145 2
0 0
ha 145
fa 0 0 0 -1
RT 145 2
T 146 2
0 0
ha 146
fa 0 0 0 -1
RT 146 2
T 147 2
0 0
ha 147
fa 0 0 0 -1
RT 147 2
T 148 2
0 0
ha 148
fa 0 0 0 -1
RT 148 2
T 149 2
0 0
ha 149
fa 0 0 0 -1
RT 149 2
T 150 2
0 0
ha 150
fa 0 0 0 -1
RT 150 2
T 151 2
0 0
ha 151
fa 0 0 0 -1
RT 151 2
T 152 2
0 0
ha 152
fa 0 0 0 -1
RT 152 2
T 153 2
0 0
ha 153
fa 0 0 0 -1
RT 153 2
T 154 2
0 0
ha 154
fa 0 0 0 -1
RT 154 2
T 155 2
0 0
ha 155
fa 0 0 0 -1
RT 155 2
T 156 2
0 0
ha 156
fa 0 0 0 -1
RT 156 2
T 157 2
0 0
ha 157
fa 0 0 0 -1
RT 157 2
T 158 2
0 0
ha 158
fa 0 0 0 -1
RT 158 2
T 159 2
0 0
ha 159
fa 0 0 0 -1
RT 159 2
T 160 2
0 0
ha 160
fa 0 0 0 -1
RT 160 2
T 161 2
0 0
ha 161
fa 0 0 0 -1
RT 161 2
T 162 2
0 0
ha 162
fa 0 0 0 -1
RT 162 2
T 163 2
0 0
ha 163
fa 0 0 0 -1
RT 163 2
T 164 2
0 0
ha 164
fa 0 0 0 -1
RT 164 2
T 165 2
0 0
ha 165
fa 0 0 0 -1
RT 165 2
T 166 2
0 0
ha 166
fa 0 0 0 -1
RT 166 2
T 167 2
0 0
ha 167
fa 0 0 0 -1
RT 167 2
T 168 2
0 0
ha 168
fa 0 0 0 -1
RT 168 2
T 169 2
0 0
ha 169
fa 0 0 0 -1
RT 169 2
T 170 2
0 0
ha 170
fa 0 0 0 -1
RT 170 2
T 171 2
0 0
ha 171
fa 0 0 0 -1
RT 171 2
T 172 2
0 0
ha 172
fa 0 0 0 -1
RT 172 2
T 173 2
0 0
ha 173
fa 0 0 0 -1
RT 173 2
T 174 2
0 0
ha 174
fa 0 0 0 -1
RT 174 2
T 175 2
0 0
ha 175
fa 0 0 0 -1
RT 175 2
T 176 2
0 0
ha 176
fa 0 0 0 -1
RT 176 2
T 177 2
0 0
ha 177
fa 0 0 0 -1
RT 177 2
T 178 2
0 0
ha 178
fa 0 0 0 -1
RT 178 2
T 179 2
0 0
ha 179
fa 0 0 0 -1
RT 179 2
T 180 2
0 0
ha 180
fa 0 0 0 -1
RT 180 2
T 181 2
0 0
ha 181
fa 0 0 0 -1
RT 181 2
T 182 2
0 0
ha 182
fa 0 0 0 -1
RT 182 2
T 183 2
0 0
ha 183
fa 0 0 0 -1
RT 183 2
T 184 2
0 0
ha 184
fa 0 0 0 -1
RT 184 2
T 185 2
0 0
ha 185
fa 0 0 0 -1
RT 185 2
T 186 2
0 0
ha 186
fa 0 0 0 -1
RT 186 2
T 187 2
0 0
ha 187
fa 0 0 0 -1
RT 187 2
T 188 2
0 0
ha 188
fa 0 0 0 -1
RT 188 2
T 189 2
0 0
ha 189
fa 0 0 0 -1
RT 189 2
T 190 2
0 0
ha 190
fa 0 0 0 -1
RT 190 2
T 191 2
0 0
ha 191
fa 0 0 0 -1
RT 191 2
T 192 2
0 0
ha 192
fa 0 0 0 -1
RT 192 2
T 193 2
0 0
ha 193
fa 0 0 0 -1
RT 193 2
T 194 2
0 0
ha 194
fa 0 0 0 -1
RT 194 2
T 195 2
0 0
ha 195
fa 0 0 0 -1
RT 195 2
T 196 2
0 0
ha 196
fa 0 0 0 -1
RT 196 2
T 197 2
0 0
ha 197
fa 0 0 0 -1
RT 197 2
T 198 2
0 0
ha 198
fa 0 0 0 -1
RT 198 2
T 199 2
0 0
ha 199
fa 0 0 0 -1
RT 199 2
T 200 2
0 0
ha 200
fa 0 0 0 -1
RT 200 2
T 201 2
0 0
ha 201
fa 0 0 0 -1
RT 201 2
T 202 2
0 0
ha 202
fa 0 0 0 -1
RT 202 2
T 203 2
0 0
ha 203
fa 0 0 0 -1
RT 203 2
T 204 2
0 0
ha 204
fa 0 0 0 -1
RT 204 2
T 205 2
0 0
ha 205
fa 0 0 0 -1
RT 205 2
T 206 2
0 0
ha 206
fa 0 0 0 -1
RT 206 2
T 207 2
0 0
ha 207
fa 0 0 0 -1
RT 207 2
T 208 2
0 0
ha 208
fa 0 0 0 -1
RT 208 2
T 209 2
0 0
ha 209
fa 0 0 0 -1
RT 209 2
T 210 2
0 0
ha 210
fa 0 0 0 -1
RT 210 2
T 211 2
0 0
ha 211
fa 0 0 0 -1
RT 211 2
T 212 2
0 0
ha 212
fa 0 0 0 -1
RT 212 2
T 213 2
0 0
ha 213
fa 0 0 0 -1
RT 213 2
T 214 2
0 0
ha 214
fa 0 0 0 -1
RT 214 2
T 215 2
0 0
ha 215
fa 0 0 0 -1
RT 215 2
T 216 2
0 0
ha 216
fa 0 0 0 -1
RT 216 2
T 217 2
0 0
ha 217
fa 0 0 0 -1
RT 217 2
T 218 2
0 0
ha 218
fa 0 0 0 -1
RT 218 2
T 219 2
0 0
ha 219
fa 0 0 0 -1
RT 219 2
T 220 2
0 0
ha 220
fa 0 0 0 -1
RT 220 2
T 221 2
0 0
ha 221
fa 0 0 0 -1
RT 221 2
T 222 2
0 0
ha 222
fa 0 0 0 -1
RT 222 2
T 223 2
0 0
ha 223
fa 0 0 0 -1
RT 223 2
T 224 2
0 0
ha 224
fa 0 0 0 -1
RT 224 2
T 225 2
0 0
ha 225
fa 0 0 0 -1
RT 225 2
T 226 2
0 0
ha 226
fa 0 0 0 -1
RT 226 2
T 227 2
0 0
ha 227
fa 0 0 0 -1
RT 227 2
T 228 2
0 0
ha 228
fa 0 0 0 -1
RT 228 2
T 229 2
0 0
ha 229
fa 0 0 0 -1
RT 229 2
T 230 2
0 0
ha 230
fa 0 0 0 -1
RT 230 2
T 231 2
0 0
ha 231
fa 0 0 0 -1
RT 231 2
T 232 2
0 0
ha 232
fa 0 0 0 -1
RT 232 2
T 233 2
0 0
ha 233
fa 0 0 0 -1
RT 233 2
T 234 2
0 0
ha 234
fa 0 0 0 -1
RT 234 2
T 235 2
0 0
ha 235
fa 0 0 0 -1
RT 235 2
T 236 2
0 0
ha 236
fa 0 0 0 -1
RT 236 2
T 237 2
0 0
ha 237
fa 0 0 0 -1
RT 237 2
T 238 2
0 0
ha 238
fa 0 0 0 -1
RT 238 2
T 239 2
0 0
ha 239
fa 0 0 0 -1
RT 239 2
T 240 2
0 0
ha 240
fa 0 0 0 -1
RT 240 2
T 241 2
0 0
ha 241
fa 0 0 0 -1
RT 241 2
T 242 2
0 0
ha 242
fa 0 0 0 -1
RT 242 2
T 243 2
0 0
ha 243
fa 0 0 0 -1
RT 243 2
T 244 2
0 0
ha 244
fa 0 0 0 -1
RT 244 2
T 245 2
0 0
ha 245
fa 0 0 0 -1
RT 245 2
T 246 2
0 0
ha 246
fa 0 0 0 -1
RT 246 2
T 247 2
0 0
ha 247
fa 0 0 0 -1
RT 247 2
T 248 2
0 0
ha 248
fa 0 0 0 -1
RT 248 2
T 249 2
0 0
ha 249
fa 0 0 0 -1
RT 249 2
T 250 2
0 0
ha 250
fa 0 0 0 -1
RT 250 2
T 251 2
0 0
ha 251
fa 0 0 0 -1
RT 251 2
T 252 2
0 0
ha 252
fa 0 0 0 -1
RT 252 2
T 253 2
0 0
ha 253
fa 0 0 0 -1
RT 253 2
T 254 2
0 0
ha 254
fa 0 0 0 -1
RT 254 2
T 255 2
0 0
ha 255
fa 0 0 0 -1
RT 255 2
T 256 2
0 0
ha 256
fa 0 0 0 -1
RT 256 2
T 257 2
0 0
ha 257
fa 0 0 0 -1
RT 257 2
T 258 2
0 0
ha 258
fa 0 0 0 -1
RT 258 2
T 259 2
0 0
ha 259
fa 0 0 0 -1
RT 259 2
T 260 2
0 0
ha 260
fa 0 0 0 -1
RT 260 2
T 261 2
0 0
ha 261
fa 0 0 0 -1
RT 261 2
T 262 2
0 0
ha 262
fa 0 0 0 -1
RT 262 2
T 263 2
0 0
ha 263
fa 0 0 0 -1
RT 263 2
T 264 2
0 0
ha 264
fa 0 0 0 -1
RT 264 2
T 265 2
0 0
ha 265
fa 0 0 0 -1
RT 265 2
T 266 2
0 0
ha 266
fa 0 0 0 -1
RT 266 2
T 267 2
0 0
ha 267
fa 0 0 0 -1
RT 267 2
T 268 2
0 0
ha 268
fa 0 0 0 -1
RT 268 2
T 269 2
0 0
ha 269
fa 0 0 0 -1
RT 269 2
T 270 2
0 0
ha 270
fa 0 0 0 -1
RT 270 2
T 271 2
0 0
ha 271
fa 0 0 0 -1
RT 271 2
T 272 2
0 0
ha 272
fa 0 0 0 -1
RT 272 2
T 273 2
0 0
ha 273
fa 0 0 0 -1
RT 273 2
T 274 2
0 0
ha 274
fa 0 0 0 -1
RT 274 2
T 275 2
0 0
ha 275
fa 0 0 0 -1
RT 275 2
T 276 2
0 0
ha 276
fa 0 0 0 -1
RT 276 2
T 277 2
0 0
ha 277
fa 0 0 0 -1
RT 277 2
T 278 2
0 0
ha 278
fa 0 0 0 -1
RT 278 2
T 279 2
0 0
ha 279
fa 0 0 0 -1
RT 279 2
T 280 2
0 0
ha 280
fa 0 0 0 -1
RT 280 2
T 281 2
0 0
ha 281
fa 0 0 0 -1
RT 281 2
T 282 2
0 0
ha 282
fa 0 0 0 -1
RT 282 2
T 283 2
0 0
ha 283
fa 0 0 0 -1
RT 283 2
T 284 2
0 0
ha 284
fa 0 0 0 -1
RT 284 2
T 285 2
0 0
ha 285
fa 0 0 0 -1
RT 285 2
T 286 2
0 0
ha 286
fa 0 0 0 -1
RT 286 2
T 287 2
0 0
ha 287
fa 0 0 0 -1
RT 287 2
T 288 2
0 0
ha 288
fa 0 0 0 -1
RT 288 2
T 289 2
0 0
ha 289
fa 0 0 0 -1
RT 289 2
T 290 2
0 0
ha 290
fa 0 0 0 -1
RT 290 2
T 291 2
0 0
ha 291
fa 0 0 0 -1
RT 291 2
T 292 2
0 0
ha 292
fa 0 0 0 -1
RT 292 2
T 293 2
0 0
ha 293
fa 0 0 0 -1
RT 293 2
T 294 2
0 0
ha 294
fa 0 0 0 -1
RT 294 2
T 295 2
0 0
ha 295
fa 0 0 0 -1
RT 295 2
T 296 2
0 0
ha 296
fa 0 0 0 -1
RT 296 2
T 297 2
0 0
ha 297
fa 0 0 0 -1
RT 297 2
T 298 2
0 0
ha 298
fa 0 0 0 -1
RT 298 2
T 299 2
0 0
ha 299
fa 0 0 0 -1
RT 299 2
T 300 2
0 0
ha 300
fa 0 0 0 -1
RT 300 2
T 301 2
0 0
ha 301
fa 0 0 0 -1
RT 301 2
T 302 2
0 0
ha 302
fa 0 0 0 -1
RT 302 2
T 303 2
0 0
ha 303
fa 0 0 0 -1
RT 303 2
T 304 2
0 0
ha 304
fa 0 0 0 -1
RT 304 2
T 305 2
0 0
ha 305
fa 0 0 0 -1
RT 305 2
T 306 2
0 0
ha 306
fa 0 0 0 -1
RT 306 2
T 307 2
0 0
ha 307
fa 0 0 0 -1
RT 307 2
T 308 2
0 0
ha 308
fa 0 0 0 -1
RT 308 2
T 309 2
0 0
ha 309
fa 0 0 0 -1
RT 309 2
T 310 2
0 0
ha 310
fa 0 0 0 -1
RT 310 2
T 311 2
0 0
ha 311
fa 0 0 0 -1
RT 311 2
T 312 2
0 0
ha 312
fa 0 0 0 -1
RT 312 2
T 313 2
0 0
ha 313
fa 0 0 0 -1
RT 313 2
T 314 2
0 0
ha 314
fa 0 0 0 -1
RT 314 2
T 315 2
0 0
ha 315
fa 0 0 0 -1
RT 315 2
T 316 2
0 0
ha 316
fa 0 0 0 -1
RT 316 2
T 317 2
0 0
ha 317
fa 0 0 0 -1
RT 317 2
T 318 2
0 0
ha 318
fa 0 0 0 -1
RT 318 2
T 319 2
0 0
ha 319
fa 0 0 0 -1
RT 319 2
T 320 2
0 0
ha 320
fa 0 0 0 -1
RT 320 2
T 321 2
0 0
ha 321
fa 0 0 0 -1
RT 321 2
T 322 2
0 0
ha 322
fa 0 0 0 -1
RT 322 2
T 323 2
0 0
ha 323
fa 0 0 0 -1
RT 323 2
T 324 2
0 0
ha 324
fa 0 0 0 -1
RT 324 2
T 325 2
0 0
ha 325
fa 0 0 0 -1
RT 325 2
T 326 2
0 0
ha 326
fa 0 0 0 -1
RT 326 2
T 327 2
0 0
ha 327
fa 0 0 0 -1
RT 327 2
T 328 2
0 0
ha 328
fa 0 0 0 -1
RT 328 2
T 329 2
0 0
ha 329
fa 0 0 0 -1
RT 329 2
T 330 2
0 0
ha 330
fa 0 0 0 -1
RT 330 2
T 331 2
0 0
ha 331
fa 0 0 0 -1
RT 331 2
T 332 2
0 0
ha 332
fa 0 0 0 -1
RT 332 2
T 333 2
0 0
ha 333
fa 0 0 0 -1
RT 333 2
T 334 2
0 0
ha 334
fa 0 0 0 -1
RT 334 2
T 335 2
0 0
ha 335
fa 0 0 0 -1
RT 335 2
T 336 2
0 0
ha 336
fa 0 0 0 -1
RT 336 2
T 337 2
0 0
ha 337
fa 0 0 0 -1
RT 337 2
T 338 2
0 0
ha 338
fa 0 0 0 -1
RT 338 2
T 339 2
0 0
ha 339
fa 0 0 0 -1
RT 339 2
T 340 2
0 0
ha 340
fa 0 0 0 -1
RT 340 2
T 341 2
0 0
ha 341
fa 0 0 0 -1
RT 341 2
T 342 2
0 0
ha 342
fa 0 0 0 -1
RT 342 2
T 343 2
0 0
ha 343
fa 0 0 0 -1
RT 343 2
T 344 2
0 0
ha 344
fa 0 0 0 -1
RT 344 2
T 345 2
0 0
ha 345
fa 0 0 0 -1
RT 345 2
T 346 2
0 0
ha 346
fa 0 0 0 -1
RT 346 2
T 347 2
0 0
ha 347
fa 0 0 0 -1
RT 347 2
T 348 2
0 0
ha 348
fa 0 0 0 -1
RT 348 2
T 349 2
0 0
ha 349
fa 0 0 0 -1
RT 349 2
T 350 2
0 0
ha 350
fa 0 0 0 -1
RT 350 2
T 351 2
0 0
ha 351
fa 0 0 0 -1
RT 351 2
T 352 2
0 0
ha 352
fa 0 0 0 -1
RT 352 2
T 353 2
0 0
ha 353
fa 0 0 0 -1
RT 353 2
T 354 2
0 0
ha 354
fa 0 0 0 -1
RT 354 2
T 355 2
0 0
ha 355
fa 0 0 0 -1
RT 355 2
T 356 2
0 0
ha 356
fa 0 0 0 -1
RT 356 2
T 357 2
0 0
ha 357
fa 0 0 0 -1
RT 357 2
T 358 2
0 0
ha 358
fa 0 0 0 -1
RT 358 2
T 359 2
0 0
ha 359
fa 0 0 0 -1
RT 359 2
T 360 2
0 0
ha 360
fa 0 0 0 -1
RT 360 2
T 361 2
0 0
ha 361
fa 0 0 0 -1
RT 361 2
T 362 2
0 0
ha 362
fa 0 0 0 -1
RT 362 2
T 363 2
0 0
ha 363
fa 0 0 0 -1
RT 363 2
T 364 2
0 0
ha 364
fa 0 0 0 -1
RT 364 2
T 365 2
0 0
ha 365
fa 0 0 0 -1
RT 365 2
T 366 2
0 0
ha 366
fa 0 0 0 -1
RT 366 2
T 367 2
0 0
ha 367
fa 0 0 0 -1
RT 367 2
T 368 2
0 0
ha 368
fa 0 0 0 -1
RT 368 2
T 369 2
0 0
ha 369
fa 0 0 0 -1
RT 369 2
T 370 2
0 0
ha 370
fa 0 0 0 -1
RT 370 2
T 371 2
0 0
ha 371
fa 0 0 0 -1
RT 371 2
T 372 2
0 0
ha 372
fa 0 0 0 -1
RT 372 2
T 373 2
0 0
ha 373
fa 0 0 0 -1
RT 373 2
T 374 2
0 0
ha 374
fa 0 0 0 -1
RT 374 2
T 375 2
0 0
ha 375
fa 0 0 0 -1
RT 375 2
T 376 2
0 0
ha 376
fa 0 0 0 -1
RT 376 2
T 377 2
0 0
ha 377
fa 0 0 0 -1
RT 377 2
T 378 2
0 0
ha 378
fa 0 0 0 -1
RT 378 2
T 379 2
0 0
ha 379
fa 0 0 0 -1
RT 379 2
T 380 2
0 0
ha 380
fa 0 0 0 -1
RT 380 2
T 381 2
0 0
ha 381
fa 0 0 0 -1
RT 381 2
T 382 2
0 0
ha 382
fa 0 0 0 -1
RT 382 2
T 383 2
0 0
ha 383
fa 0 0 0 -1
RT 383 2
T 384 2
0 0
ha 384
fa 0 0 0 -1
RT 384 2
T 385 2
0 0
ha 385
fa 0 0 0 -1
RT 385 2
T 386 2
0 0
ha 386
fa 0 0 0 -1
RT 386 2
T 387 2
0 0
ha 387
fa 0 0 0 -1
RT 387 2
T 388 2
0 0
ha 388
fa 0 0 0 -1
RT 388 2
T 389 2
0 0
ha 389
fa 0 0 0 -1
RT 389 2
T 390 2
0 0
ha 390
fa 0 0 0 -1
RT 390 2
T 391 2
0 0
ha 391
fa 0 0 0 -1
RT 391 2
T 392 2
0 0
ha 392
fa 0 0 0 -1
RT 392 2
T 393 2
0 0
ha 393
fa 0 0 0 -1
RT 393 2
T 394 2
0 0
ha 394
fa 0 0 0 -1
RT 394 2
T 395 2
0 0
ha 395
fa 0 0 0 -1
RT 395 2
T 396 2
0 0
ha 396
fa 0 0 0 -1
RT 396 2
T 397 2
0 0
ha 397
fa 0 0 0 -1
RT 397 2
T 398 2
0 0
ha 398
fa 0 0 0 -1
RT 398 2
T 399 2
0 0
ha 399
fa 0 0 0 -1
RT 399 2
T 400 2
0 0
ha 400
fa 0 0 0 -1
RT 400 2
T 401 2
0 0
ha 401
fa 0 0 0 -1
RT 401 2
T 402 2
0 0
ha 402
fa 0 0 0 -1
RT 402 2
T 403 2
0 0
ha 403
fa 0 0 0 -1
RT 403 2
T 404 2
0 0
ha 404
fa 0 0 0 -1
RT 404 2
T 405 2
0 0
ha 405
fa 0 0 0 -1
RT 405 2
T 406 2
0 0
ha 406
fa 0 0 0 -1
RT 406 2
T 407 2
0 0
ha 407
fa 0 0 0 -1
RT 407 2
T 408 2
0 0
ha 408
fa 0 0 0 -1
RT 408 2
T 409 2
0 0
ha 409
fa 0 0 0 -1
RT 409 2
T 410 2
0 0
ha 410
fa 0 0 0 -1
RT 410 2
T 411 2
0 0
ha 411
fa 0 0 0 -1
RT 411 2
T 412 2
0 0
ha 412
fa 0 0 0 -1
RT 412 2
T 413 2
0 0
ha 413
fa 0 0 0 -1
RT 413 2
T 414 2
0 0
ha 414
fa 0 0 0 -1
RT 414 2
T 415 2
0 0
ha 415
fa 0 0 0 -1
RT 415 2
T 416 2
0 0
ha 416
fa 0 0 0 -1
RT 416 2
T 417 2
0 0
ha 417
fa 0 0 0 -1
RT 417 2
T 418 2
0 0
ha 418
fa 0 0 0 -1
RT 418 2
T 419 2
0 0
ha 419
fa 0 0 0 -1
RT 419 2
T 420 2
0 0
ha 420
fa 0 0 0 -1
RT 420 2
T 421 2
0 0
ha 421
fa 0 0 0 -1
RT 421 2
T 422 2
0 0
ha 422
fa 0 0 0 -1
RT 422 2
T 423 2
0 0
ha 423
fa 0 0 0 -1
RT 423 2
T 424 2
0 0
ha 424
fa 0 0 0 -1
RT 424 2
T 425 2
0 0
ha 425
fa 0 0 0 -1
RT 425 2
T 426 2
0 0
ha 426
fa 0 0 0 -1
RT 426 2
T 427 2
0 0
ha 427
fa 0 0 0 -1
RT 427 2
T 428 2
0 0
ha 428
fa 0 0 0 -1
RT 428 2
T 429 2
0 0
ha 429
fa 0 0 0 -1
RT 429 2
T 430 2
0 0
ha 430
fa 0 0 0 -1
RT 430 2
T 431 2
0 0
ha 431
fa 0 0 0 -1
RT 431 2
T 432 2
0 0
ha 432
fa 0 0 0 -1
RT 432 2
T 433 2
0 0
ha 433
fa 0 0 0 -1
RT 433 2
T 434 2
0 0
ha 434
fa 0 0 0 -1
RT 434 2
T 435 2
0 0
ha 435
fa 0 0 0 -1
RT 435 2
T 436 2
0 0
ha 436
fa 0 0 0 -1
RT 436 2
T 437 2
0 0
ha 437
fa 0 0 0 -1
RT 437 2
T 438 2
0 0
ha 438
fa 0 0 0 -1
RT 438 2
T 439 2
0 0
ha 439
fa 0 0 0 -1
RT 439 2
T 440 2
0 0
ha 440
fa 0 0 0 -1
RT 440 2
T 441 2
0 0
ha 441
fa 0 0 0 -1
RT 441 2
T 442 2
0 0
ha 442
fa 0 0 0 -1
RT 442 2
T 443 2
0 0
ha 443
fa 0 0 0 -1
RT 443 2
T 444 2
0 0
ha 444
fa 0 0 0 -1
RT 444 2
T 445 2
0 0
ha 445
fa 0 0 0 -1
RT 445 2
T 446 2
0 0
ha 446
fa 0 0 0 -1
RT 446 2
T 447 2
0 0
ha 447
fa 0 0 0 -1
RT 447 2
T 448 2
0 0
ha 448
fa 0 0 0 -1
RT 448 2
T 449 2
0 0
ha 449
fa 0 0 0 -1
RT 449 2
T 450 2
0 0
ha 450
fa 0 0 0 -1
RT 450 2
T 451 2
0 0
ha 451
fa 0 0 0 -1
RT 451 2
T 452 2
0 0
ha 452
fa 0 0 0 -1
RT 452 2
T 453 2
0 0
ha 453
fa 0 0 0 -1
RT 453 2
T 454 2
0 0
ha 454
fa 0 0 0 -1
RT 454 2
T 455 2
0 0
ha 455
fa 0 0 0 -1
RT 455 2
T 456 2
0 0
ha 456
fa 0 0 0 -1
RT 456 2
T 457 2
0 0
ha 457
fa 0 0 0 -1
RT 457 2
T 458 2
0 0
ha 458
fa 0 0 0 -1
RT 458 2
T 459 2
0 0
ha 459
fa 0 0 0 -1
RT 459 2
T 460 2
0 0
ha 460
fa 0 0 0 -1
RT 460 2
T 461 2
0 0
ha 461
fa 0 0 0 -1
RT 461 2
T 462 2
0 0
ha 462
fa 0 0 0 -1
RT 462 2
T 463 2
0 0
ha 463
fa 0 0 0 -1
RT 463 2
T 464 2
0 0
ha 464
fa 0 0 0 -1
RT 464 2
T 465 2
0 0
ha 465
fa 0 0 0 -1
RT 465 2
T 466 2
0 0
ha 466
fa 0 0 0 -1
RT 466 2
T 467 2
0 0
ha 467
fa 0 0 0 -1
RT 467 2
T 468 2
0 0
ha 468
fa 0 0 0 -1
RT 468 2
T 469 2
0 0
ha 469
fa 0 0 0 -1
RT 469 2
T 470 2
0 0
ha 470
fa 0 0 0 -1
RT 470 2
T 471 2
0 0
ha 471
fa 0 0 0 -1
RT 471 2
T 472 2
0 0
ha 472
fa 0 0 0 -1
RT 472 2
T 473 2
0 0
ha 473
fa 0 0 0 -1
RT 473 2
T 474 2
0 0
ha 474
fa 0 0 0 -1
RT 474 2
T 475 2
0 0
ha 475
fa 0 0 0 -1
RT 475 2
T 476 2
0 0
ha 476
fa 0 0 0 -1
RT 476 2
T 477 2
0 0
ha 477
fa 0 0 0 -1
RT 477 2
T 478 2
0 0
ha 478
fa 0 0 0 -1
RT 478 2
T 479 2
0 0
ha 479
fa 0 0 0 -1
RT 479 2
T 480 2
0 0
ha 480
fa 0 0 0 -1
RT 480 2
T 481 2
0 0
ha 481
fa 0 0 0 -1
RT 481 2
T 482 2
0 0
ha 482
fa 0 0 0 -1
RT 482 2
T 483 2
0 0
ha 483
fa 0 0 0 -1
RT 483 2
T 484 2
0 0
ha 484
fa 0 0 0 -1
RT 484 2
T 485 2
0 0
ha 485
fa 0 0 0 -1
RT 485 2
T 486 2
0 0
ha 486
fa 0 0 0 -1
RT 486 2
T 487 2
0 0
ha 487
fa 0 0 0 -1
RT 487 2
T 488 2
0 0
ha 488
fa 0 0 0 -1
RT 488 2
T 489 2
0 0
ha 489
fa 0 0 0 -1
RT 489 2
T 490 2
0 0
ha 490
fa 0 0 0 -1
RT 490 2
T 491 2
0 0
ha 491
fa 0 0 0 -1
RT 491 2
T 492 2
0 0
ha 492
fa 0 0 0 -1
RT 492 2
T 493 2
0 0
ha 493
fa 0 0 0 -1
RT 493 2
T 494 2
0 0
ha 494
fa 0 0 0 -1
RT 494 2
T 495 2
0 0
ha 495
fa 0 0 0 -1
RT 495 2
T 496 2
0 0
ha 496
fa 0 0 0 -1
RT 496 2
T 497 2
0 0
ha 497
fa 0 0 0 -1
RT 497 2
T 498 2
0 0
ha 498
fa 0 0 0 -1
RT 498 2
T 499 2
0 0
ha 499
fa 0 0 0 -1
RT 499 2
T 500 2
0 0
ha 500
fa 0 0 0 -1
RT 500 2
T 501 2
0 0
ha 501
fa 0 0 0 -1
RT 501 2
T 502 2
0 0
ha 502
fa 0 0 0 -1
RT 502 2
T 503 2
0 0
ha 503
fa 0 0 0 -1
RT 503 2
T 504 2
0 0
ha 504
fa 0 0 0 -1
RT 504 2
T 505 2
0 0
ha 505
fa 0 0 0 -1
RT 505 2
T 506 2
0 0
ha 506
fa 0 0 0 -1
RT 506 2
T 507 2
0 0
ha 507
fa 0 0 0 -1
RT 507 2
T 508 2
0 0
ha 508
fa 0 0 0 -1
RT 508 2
T 509 2
0 0
ha 509
fa 0 0 0 -1
RT 509 2
T 510 2
0 0
ha 510
fa 0 0 0 -1
RT 510 2
T 511 2
0 0
ha 511
fa 0 0 0 -1
RT 511 2
T 512 2
0 0
ha 512
fa 0 0 0 -1
RT 512 2
T 513 2
0 0
ha 513
fa 0 0 0 -1
RT 513 2
T 514 2
0 0
ha 514
fa 0 0 0 -1
RT 514 2
T 515 2
0 0
ha 515
fa 0 0 0 -1
RT 515 2
T 516 2
0 0
ha 516
fa 0 0 0 -1
RT 516 2
T 517 2
0 0
ha 517
fa 0 0 0 -1
RT 517 2
T 518 2
0 0
ha 518
fa 0 0 0 -1
RT 518 2
T 519 2
0 0
ha 519
fa 0 0 0 -1
RT 519 2
T 520 2
0 0
ha 520
fa 0 0 0 -1
RT 520 2
T 521 2
0 0
ha 521
fa 0 0 0 -1
RT 521 2
T 522 2
0 0
ha 522
fa 0 0 0 -1
RT 522 2
T 523 2
0 0
ha 523
fa 0 0 0 -1
RT 523 2
T 524 2
0 0
ha 524
fa 0 0 0 -1
RT 524 2
T 525 2
0 0
ha 525
fa 0 0 0 -1
RT 525 2
T 526 2
0 0
ha 526
fa 0 0 0 -1
RT 526 2
T 527 2
0 0
ha 527
fa 0 0 0 -1
RT 527 2
T 528 2
0 0
ha 528
fa 0 0 0 -1
RT 528 2
T 529 2
0 0
ha 529
fa 0 0 0 -1
RT 529 2
T 530 2
0 0
ha 530
fa 0 0 0 -1
RT 530 2
T 531 2
0 0
ha 531
fa 0 0 0 -1
RT 531 2
T 532 2
0 0
ha 532
fa 0 0 0 -1
RT 532 2
T 533 2
0 0
ha 533
fa 0 0 0 -1
RT 533 2
T 534 2
0 0
ha 534
fa 0 0 0 -1
RT 534 2
T 535 2
0 0
ha 535
fa 0 0 0 -1
RT 535 2
T 536 2
0 0
ha 536
fa 0 0 0 -1
RT 536 2
T 537 2
0 0
ha 537
fa 0 0 0 -1
RT 537 2
T 538 2
0 0
ha 538
fa 0 0 0 -1
RT 538 2
T 539 2
0 0
ha 539
fa 0 0 0 -1
RT 539 2
T 540 2
0 0
ha 540
fa 0 0 0 -1
RT 540 2
T 541 2
0 0
ha 541
fa 0 0 0 -1
RT 541 2
T 542 2
0 0
ha 542
fa 0 0 0 -1
RT 542 2
T 543 2
0 0
ha 543
fa 0 0 0 -1
RT 543 2
T 544 2
0 0
ha 544
fa 0 0 0 -1
RT 544 2
T 545 2
0 0
ha 545
fa 0 0 0 -1
RT 545 2
T 546 2
0 0
ha 546
fa 0 0 0 -1
RT 546 2
T 547 2
0 0
ha 547
fa 0 0 0 -1
RT 547 2
T 548 2
0 0
ha 548
fa 0 0 0 -1
RT 548 2
T 549 2
0 0
ha 549
fa 0 0 0 -1
RT 549 2
T 550 2
0 0
ha 550
fa 0 0 0 -1
RT 550 2
T 551 2
0 0
ha 551
fa 0 0 0 -1
RT 551 2
T 552 2
0 0
ha 552
fa 0 0 0 -1
RT 552 2
T 553 2
0 0
ha 553
fa 0 0 0 -1
RT 553 2
T 554 2
0 0
ha 554
fa 0 0 0 -1
RT 554 2
T 555 2
0 0
ha 555
fa 0 0 0 -1
RT 555 2
T 556 2
0 0
ha 556
fa 0 0 0 -1
RT 556 2
T 557 2
0 0
ha 557
fa 0 0 0 -1
RT 557 2
T 558 2
0 0
ha 558
fa 0 0 0 -1
RT 558 2
T 559 2
0 0
ha 559
fa 0 0 0 -1
RT 559 2
T 560 2
0 0
ha 560
fa 0 0 0 -1
RT 560 2
T 561 2
0 0
ha 561
fa 0 0 0 -1
RT 561 2
T 562 2
0 0
ha 562
fa 0 0 0 -1
RT 562 2
T 563 2
0 0
ha 563
fa 0 0 0 -1
RT 563 2
T 564 2
0 0
ha 564
fa 0 0 0 -1
RT 564 2
T 565 2
0 0
ha 565
fa 0 0 0 -1
RT 565 2
T 566 2
0 0
ha 566
fa 0 0 0 -1
RT 566 2
T 567 2
0 0
ha 567
fa 0 0 0 -1
RT 567 2
T 568 2
0 0
ha 568
fa 0 0 0 -1
RT 568 2
T 569 2
0 0
ha 569
fa 0 0 0 -1
RT 569 2
T 570 2
0 0
ha 570
fa 0 0 0 -1
RT 570 2
T 571 2
0 0
ha 571
fa 0 0 0 -1
RT 571 2
T 572 2
0 0
ha 572
fa 0 0 0 -1
RT 572 2
T 573 2
0 0
ha 573
fa 0 0 0 -1
RT 573 2
T 574 2
0 0
ha 574
fa 0 0 0 -1
RT 574 2
T 575 2
0 0
ha 575
fa 0 0 0 -1
RT 575 2
T 576 2
0 0
ha 576
fa 0 0 0 -1
RT 576 2
T 577 2
0 0
ha 577
fa 0 0 0 -1
RT 577 2
T 578 2
0 0
ha 578
fa 0 0 0 -1
RT 578 2
T 579 2
0 0
ha 579
fa 0 0 0 -1
RT 579 2
T 580 2
0 0
ha 580
fa 0 0 0 -1
RT 580 2
T 581 2
0 0
ha 581
fa 0 0 0 -1
RT 581 2
T 582 2
0 0
ha 582
fa 0 0 0 -1
RT 582 2
T 583 2
0 0
ha 583
fa 0 0 0 -1
RT 583 2
T 584 2
0 0
ha 584
fa 0 0 0 -1
RT 584 2
T 585 2
0 0
ha 585
fa 0 0 0 -1
RT 585 2
T 586 2
0 0
ha 586
fa 0 0 0 -1
RT 586 2
T 587 2
0 0
ha 587
fa 0 0 0 -1
RT 587 2
T 588 2
0 0
ha 588
fa 0 0 0 -1
RT 588 2
T 589 2
0 0
ha 589
fa 0 0 0 -1
RT 589 2
T 590 2
0 0
ha 590
fa 0 0 0 -1
RT 590 2
T 591 2
0 0
ha 591
fa 0 0 0 -1
RT 591 2
T 592 2
0 0
ha 592
fa 0 0 0 -1
RT 592 2
T 593 2
0 0
ha 593
fa 0 0 0 -1
RT 593 2
T 594 2
0 0
ha 594
fa 0 0 0 -1
RT 594 2
T 595 2
0 0
ha 595
fa 0 0 0 -1
RT 595 2
T 596 2
0 0
ha 596
fa 0 0 0 -1
RT 596 2
T 597 2
0 0
ha 597
fa 0 0 0 -1
RT 597 2
T 598 2
0 0
ha 598
fa 0 0 0 -1
RT 598 2
T 599 2
0 0
ha 599
fa 0 0 0 -1
RT 599 2
T 600 2
0 0
ha 600
fa 0 0 0 -1
RT 600 2
T 601 2
0 0
ha 601
fa 0 0 0 -1
RT 601 2
T 602 2
0 0
ha 602
fa 0 0 0 -1
RT 602 2
T 603 2
0 0
ha 603
fa 0 0 0 -1
RT 603 2
T 604 2
0 0
ha 604
fa 0 0 0 -1
RT 604 2
T 605 2
0 0
ha 605
fa 0 0 0 -1
RT 605 2
T 606 2
0 0
ha 606
fa 0 0 0 -1
RT 606 2
T 607 2
0 0
ha 607
fa 0 0 0 -1
RT 607 2
T 608 2
0 0
ha 608
fa 0 0 0 -1
RT 608 2
T 609 2
0 0
ha 609
fa 0 0 0 -1
RT 609 2
T 610 2
0 0
ha 610
fa 0 0 0 -1
RT 610 2
T 611 2
0 0
ha 611
fa 0 0 0 -1
RT 611 2
T 612 2
0 0
ha 612
fa 0 0 0 -1
RT 612 2
T 613 2
0 0
ha 613
fa 0 0 0 -1
RT 613 2
T 614 2
0 0
ha 614
fa 0 0 0 -1
RT 614 2
T 615 2
0 0
ha 615
fa 0 0 0 -1
RT 615 2
T 616 2
0 0
ha 616
fa 0 0 0 -1
RT 616 2
T 617 2
0 0
ha 617
fa 0 0 0 -1
RT 617 2
T 618 2
0 0
ha 618
fa 0 0 0 -1
RT 618 2
T 619 2
0 0
ha 619
fa 0 0 0 -1
RT 619 2
T 620 2
0 0
ha 620
fa 0 0 0 -1
RT 620 2
T 621 2
0 0
ha 621
fa 0 0 0 -1
RT 621 2
T 622 2
0 0
ha 622
fa 0 0 0 -1
RT 622 2
T 623 2
0 0
ha 623
fa 0 0 0 -1
RT 623 2
T 624 2
0 0
ha 624
fa 0 0 0 -1
RT 624 2
T 625 2
0 0
ha 625
fa 0 0 0 -1
RT 625 2
T 626 2
0 0
ha 626
fa 0 0 0 -1
RT 626 2
T 627 2
0 0
ha 627
fa 0 0 0 -1
RT 627 2
T 628 2
0 0
ha 628
fa 0 0 0 -1
RT 628 2
T 629 2
0 0
ha 629
fa 0 0 0 -1
RT 629 2
T 630 2
0 0
ha 630
fa 0 0 0 -1
RT 630 2
T 631 2
0 0
ha 631
fa 0 0 0 -1
RT 631 2
T 632 2
0 0
ha 632
fa 0 0 0 -1
RT 632 2
T 633 2
0 0
ha 633
fa 0 0 0 -1
RT 633 2
T 634 2
0 0
ha 634
fa 0 0 0 -1
RT 634 2
T 635 2
0 0
ha 635
fa 0 0 0 -1
RT 635 2
T 636 2
0 0
ha 636
fa 0 0 0 -1
RT 636 2
T 637 2
0 0
ha 637
fa 0 0 0 -1
RT 637 2
T 638 2
0 0
ha 638
fa 0 0 0 -1
RT 638 2
T 639 2
0 0
ha 639
fa 0 0 0 -1
RT 639 2
T 640 2
0 0
ha 640
fa 0 0 0 -1
RT 640 2
T 641 2
0 0
ha 641
fa 0 0 0 -1
RT 641 2
T 642 2
0 0
ha 642
fa 0 0 0 -1
RT 642 2
T 643 2
0 0
ha 643
fa 0 0 0 -1
RT 643 2
T 644 2
0 0
ha 644
fa 0 0 0 -1
RT 644 2
T 645 2
0 0
ha 645
fa 0 0 0 -1
RT 645 2
T 646 2
0 0
ha 646
fa 0 0 0 -1
RT 646 2
T 647 2
0 0
ha 647
fa 0 0 0 -1
RT 647 2
T 648 2
0 0
ha 648
fa 0 0 0 -1
RT 648 2
T 649 2
0 0
ha 649
fa 0 0 0 -1
RT 649 2
T 650 2
0 0
ha 650
fa 0 0 0 -1
RT 650 2
T 651 2
0 0
ha 651
fa 0 0 0 -1
RT 651 2
T 652 2
0 0
ha 652
fa 0 0 0 -1
RT 652 2
T 653 2
0 0
ha 653
fa 0 0 0 -1
RT 653 2
T 654 2
0 0
ha 654
fa 0 0 0 -1
RT 654 2
T 655 2
0 0
ha 655
fa 0 0 0 -1
RT 655 2
T 656 2
0 0
ha 656
fa 0 0 0 -1
RT 656 2
T 657 2
0 0
ha 657
fa 0 0 0 -1
RT 657 2
T 658 2
0 0
ha 658
fa 0 0 0 -1
RT 658 2
T 659 2
0 0
ha 659
fa 0 0 0 -1
RT 659 2
T 660 2
0 0
ha 660
fa 0 0 0 -1
RT 660 2
T 661 2
0 0
ha 661
fa 0 0 0 -1
RT 661 2
T 662 2
0 0
ha 662
fa 0 0 0 -1
RT 662 2
T 663 2
0 0
ha 663
fa 0 0 0 -1
RT 663 2
T 664 2
0 0
ha 664
fa 0 0 0 -1
RT 664 2
T 665 2
0 0
ha 665
fa 0 0 0 -1
RT 665 2
T 666 2
0 0
ha 666
fa 0 0 0 -1
RT 666 2
T 667 2
0 0
ha 667
fa 0 0 0 -1
RT 667 2
T 668 2
0 0
ha 668
fa 0 0 0 -1
RT 668 2
T 669 2
0 0
ha 669
fa 0 0 0 -1
RT 669 2
T 670 2
0 0
ha 670
fa 0 0 0 -1
RT 670 2
T 671 2
0 0
ha 671
fa 0 0 0 -1
RT 671 2
T 672 2
0 0
ha 672
fa 0 0 0 -1
RT 672 2
T 673 2
0 0
ha 673
fa 0 0 0 -1
RT 673 2
T 674 2
0 0
ha 674
fa 0 0 0 -1
RT 674 2
T 675 2
0 0
ha 675
fa 0 0 0 -1
RT 675 2
T 676 2
0 0
ha 676
fa 0 0 0 -1
RT 676 2
T 677 2
0 0
ha 677
fa 0 0 0 -1
RT 677 2
T 678 2
0 0
ha 678
fa 0 0 0 -1
RT 678 2
T 679 2
0 0
ha 679
fa 0 0 0 -1
RT 679 2
T 680 2
0 0
ha 680
fa 0 0 0 -1
RT 680 2
T 681 2
0 0
ha 681
fa 0 0 0 -1
RT 681 2
T 682 2
0 0
ha 682
fa 0 0 0 -1
RT 682 2
T 683 2
0 0
ha 683
fa 0 0 0 -1
RT 683 2
T 684 2
0 0
ha 684
fa 0 0 0 -1
RT 684 2
T 685 2
0 0
ha 685
fa 0 0 0 -1
RT 685 2
T 686 2
0 0
ha 686
fa 0 0 0 -1
RT 686 2
T 687 2
0 0
ha 687
fa 0 0 0 -1
RT 687 2
T 688 2
0 0
ha 688
fa 0 0 0 -1
RT 688 2
T 689 2
0 0
ha 689
fa 0 0 0 -1
RT 689 2
T 690 2
0 0
ha 690
fa 0 0 0 -1
RT 690 2
T 691 2
0 0
ha 691
fa 0 0 0 -1
RT 691 2
T 692 2
0 0
ha 692
fa 0 0 0 -1
RT 692 2
T 693 2
0 0
ha 693
fa 0 0 0 -1
RT 693 2
T 694 2
0 0
ha 694
fa 0 0 0 -1
RT 694 2
T 695 2
0 0
ha 695
fa 0 0 0 -1
RT 695 2
T 696 2
0 0
ha 696
fa 0 0 0 -1
RT 696 2
T 697 2
0 0
ha 697
fa 0 0 0 -1
RT 697 2
T 698 2
0 0
ha 698
fa 0 0 0 -1
RT 698 2
T 699 2
0 0
ha 699
fa 0 0 0 -1
RT 699 2
T 700 2
0 0
ha 700
fa 0 0 0 -1
RT 700 2
T 701 2
0 0
ha 701
fa 0 0 0 -1
RT 701 2
T 702 2
0 0
ha 702
fa 0 0 0 -1
RT 702 2
T 703 2
0 0
ha 703
fa 0 0 0 -1
RT 703 2
T 704 2
0 0
ha 704
fa 0 0 0 -1
RT 704 2
T 705 2
0 0
ha 705
fa 0 0 0 -1
RT 705 2
T 706 2
0 0
ha 706
fa 0 0 0 -1
RT 706 2
T 707 2
0 0
ha 707
fa 0 0 0 -1
RT 707 2
T 708 2
0 0
ha 708
fa 0 0 0 -1
RT 708 2
T 709 2
0 0
ha 709
fa 0 0 0 -1
RT 709 2
T 710 2
0 0
ha 710
fa 0 0 0 -1
RT 710 2
T 711 2
0 0
ha 711
fa 0 0 0 -1
RT 711 2
T 712 2
0 0
ha 712
fa 0 0 0 -1
RT 712 2
T 713 2
0 0
ha 713
fa 0 0 0 -1
RT 713 2
T 714 2
0 0
ha 714
fa 0 0 0 -1
RT 714 2
T 715 2
0 0
ha 715
fa 0 0 0 -1
RT 715 2
T 716 2
0 0
ha 716
fa 0 0 0 -1
RT 716 2
T 717 2
0 0
ha 717
fa 0 0 0 -1
RT 717 2
T 718 2
0 0
ha 718
fa 0 0 0 -1
RT 718 2
T 719 2
0 0
ha 719
fa 0 0 0 -1
RT 719 2
T 720 2
0 0
ha 720
fa 0 0 0 -1
RT 720 2
T 721 2
0 0
ha 721
fa 0 0 0 -1
RT 721 2
T 722 2
0 0
ha 722
fa 0 0 0 -1
RT 722 2
T 723 2
0 0
ha 723
fa 0 0 0 -1
RT 723 2
T 724 2
0 0
ha 724
fa 0 0 0 -1
RT 724 2
T 725 2
0 0
ha 725
fa 0 0 0 -1
RT 725 2
T 726 2
0 0
ha 726
fa 0 0 0 -1
RT 726 2
T 727 2
0 0
ha 727
fa 0 0 0 -1
RT 727 2
T 728 2
0 0
ha 728
fa 0 0 0 -1
RT 728 2
T 729 2
0 0
ha 729
fa 0 0 0 -1
RT 729 2
T 730 2
0 0
ha 730
fa 0 0 0 -1
RT 730 2
T 731 2
0 0
ha 731
fa 0 0 0 -1
RT 731 2
T 732 2
0 0
ha 732
fa 0 0 0 -1
RT 732 2
T 733 2
0 0
ha 733
fa 0 0 0 -1
RT 733 2
T 734 2
0 0
ha 734
fa 0 0 0 -1
RT 734 2
T 735 2
0 0
ha 735
fa 0 0 0 -1
RT 735 2
T 736 2
0 0
ha 736
fa 0 0 0 -1
RT 736 2
T 737 2
0 0
ha 737
fa 0 0 0 -1
RT 737 2
T 738 2
0 0
ha 738
fa 0 0 0 -1
RT 738 2
T 739 2
0 0
ha 739
fa 0 0 0 -1
RT 739 2
T 740 2
0 0
ha 740
fa 0 0 0 -1
RT 740 2
T 741 2
0 0
ha 741
fa 0 0 0 -1
RT 741 2
T 742 2
0 0
ha 742
fa 0 0 0 -1
RT 742 2
T 743 2
0 0
ha 743
fa 0 0 0 -1
RT 743 2
T 744 2
0 0
ha 744
fa 0 0 0 -1
RT 744 2
T 745 2
0 0
ha 745
fa 0 0 0 -1
RT 745 2
T 746 2
0 0
ha 746
fa 0 0 0 -1
RT 746 2
T 747 2
0 0
ha 747
fa 0 0 0 -1
RT 747 2
T 748 2
0 0
ha 748
fa 0 0 0 -1
RT 748 2
T 749 2
0 0
ha 749
fa 0 0 0 -1
RT 749 2
T 750 2
0 0
ha 750
fa 0 0 0 -1
RT 750 2
T 751 2
0 0
ha 751
fa 0 0 0 -1
RT 751 2
T 752 2
0 0
ha 752
fa 0 0 0 -1
RT 752 2
T 753 2
0 0
ha 753
fa 0 0 0 -1
RT 753 2
T 754 2
0 0
ha 754
fa 0 0 0 -1
RT 754 2
T 755 2
0 0
ha 755
fa 0 0 0 -1
RT 755 2
T 756 2
0 0
ha 756
fa 0 0 0 -1
RT 756 2
T 757 2
0 0
ha 757
fa 0 0 0 -1
RT 757 2
T 758 2
0 0
ha 758
fa 0 0 0 -1
RT 758 2
T 759 2
0 0
ha 759
fa 0 0 0 -1
RT 759 2
T 760 2
0 0
ha 760
fa 0 0 0 -1
RT 760 2
T 761 2
0 0
ha 761
fa 0 0 0 -1
RT 761 2
T 762 2
0 0
ha 762
fa 0 0 0 -1
RT 762 2
T 763 2
0 0
ha 763
fa 0 0 0 -1
RT 763 2
T 764 2
0 0
ha 764
fa 0 0 0 -1
RT 764 2
T 765 2
0 0
ha 765
fa 0 0 0 -1
RT 765 2
T 766 2
0 0
ha 766
fa 0 0 0 -1
RT 766 2
T 767 2
0 0
ha 767
fa 0 0 0 -1
RT 767 2
T 768 2
0 0
ha 768
fa 0 0 0 -1
RT 768 2
T 769 2
0 0
ha 769
fa 0 0 0 -1
RT 769 2
T 770 2
0 0
ha 770
fa 0 0 0 -1
RT 770 2
T 771 2
0 0
ha 771
fa 0 0 0 -1
RT 771 2
T 772 2
0 0
ha 772
fa 0 0 0 -1
RT 772 2
T 773 2
0 0
ha 773
fa 0 0 0 -1
RT 773 2
T 774 2
0 0
ha 774
fa 0 0 0 -1
RT 774 2
T 775 2
0 0
ha 775
fa 0 0 0 -1
RT 775 2
T 776 2
0 0
ha 776
fa 0 0 0 -1
RT 776 2
T 777 2
0 0
ha 777
fa 0 0 0 -1
RT 777 2
T 778 2
0 0
ha 778
fa 0 0 0 -1
RT 778 2
T 779 2
0 0
ha 779
fa 0 0 0 -1
RT 779 2
T 780 2
0 0
ha 780
fa 0 0 0 -1
RT 780 2
T 781 2
0 0
ha 781
fa 0 0 0 -1
RT 781 2
T 782 2
0 0
ha 782
fa 0 0 0 -1
RT 782 2
T 783 2
0 0
ha 783
fa 0 0 0 -1
RT 783 2
T 784 2
0 0
ha 784
fa 0 0 0 -1
RT 784 2
T 785 2
0 0
ha 785
fa 0 0 0 -1
RT 785 2
T 786 2
0 0
ha 786
fa 0 0 0 -1
RT 786 2
T 787 2
0 0
ha 787
fa 0 0 0 -1
RT 787 2
T 788 2
0 0
ha 788
fa 0 0 0 -1
RT 788 2
T 789 2
0 0
ha 789
fa 0 0 0 -1
RT 789 2
T 790 2
0 0
ha 790
fa 0 0 0 -1
RT 790 2
T 791 2
0 0
ha 791
fa 0 0 0 -1
RT 791 2
T 792 2
0 0
ha 792
fa 0 0 0 -1
RT 792 2
T 793 2
0 0
ha 793
fa 0 0 0 -1
RT 793 2
T 794 2
0 0
ha 794
fa 0 0 0 -1
RT 794 2
T 795 2
0 0
ha 795
fa 0 0 0 -1
RT 795 2
T 796 2
0 0
ha 796
fa 0 0 0 -1
RT 796 2
T 797 2
0 0
ha 797
fa 0 0 0 -1
RT 797 2
T 798 2
0 0
ha 798
fa 0 0 0 -1
RT 798 2
T 799 2
0 0
ha 799
fa 0 0 0 -1
RT 799 2
T 800 2
0 0
ha 800
fa 0 0 0 -1
RT 800 2
T 801 2
0 0
ha 801
fa 0 0 0 -1
RT 801 2
T 802 2
0 0
ha 802
fa 0 0 0 -1
RT 802 2
T 803 2
0 0
ha 803
fa 0 0 0 -1
RT 803 2
T 804 2
0 0
ha 804
fa 0 0 0 -1
RT 804 2
T 805 2
0 0
ha 805
fa 0 0 0 -1
RT 805 2
T 806 2
0 0
ha 806
fa 0 0 0 -1
RT 806 2
T 807 2
0 0
ha 807
fa 0 0 0 -1
RT 807 2
T 808 2
0 0
ha 808
fa 0 0 0 -1
RT 808 2
T 809 2
0 0
ha 809
fa 0 0 0 -1
RT 809 2
T 810 2
0 0
ha 810
fa 0 0 0 -1
RT 810 2
T 811 2
0 0
ha 811
fa 0 0 0 -1
RT 811 2
T 812 2
0 0
ha 812
fa 0 0 0 -1
RT 812 2
T 813 2
0 0
ha 813
fa 0 0 0 -1
RT 813 2
T 814 2
0 0
ha 814
fa 0 0 0 -1
RT 814 2
T 815 2
0 0
ha 815
fa 0 0 0 -1
RT 815 2
T 816 2
0 0
ha 816
fa 0 0 0 -1
RT 816 2
T 817 2
0 0
ha 817
fa 0 0 0 -1
RT 817 2
T 818 2
0 0
ha 818
fa 0 0 0 -1
RT 818 2
T 819 2
0 0
ha 819
fa 0 0 0 -1
RT 819 2
T 820 2
0 0
ha 820
fa 0 0 0 -1
RT 820 2
T 821 2
0 0
ha 821
fa 0 0 0 -1
RT 821 2
T 822 2
0 0
ha 822
fa 0 0 0 -1
RT 822 2
T 823 2
0 0
ha 823
fa 0 0 0 -1
RT 823 2
T 824 2
0 0
ha 824
fa 0 0 0 -1
RT 824 2
T 825 2
0 0
ha 825
fa 0 0 0 -1
RT 825 2
T 826 2
0 0
ha 826
fa 0 0 0 -1
RT 826 2
T 827 2
0 0
ha 827
fa 0 0 0 -1
RT 827 2
T 828 2
0 0
ha 828
fa 0 0 0 -1
RT 828 2
T 829 2
0 0
ha 829
fa 0 0 0 -1
RT 829 2
T 830 2
0 0
ha 830
fa 0 0 0 -1
RT 830 2
T 831 2
0 0
ha 831
fa 0 0 0 -1
RT 831 2
T 832 2
0 0
ha 832
fa 0 0 0 -1
RT 832 2
T 833 2
0 0
ha 833
fa 0 0 0 -1
RT 833 2
T 834 2
0 0
ha 834
fa 0 0 0 -1
RT 834 2
T 835 2
0 0
ha 835
fa 0 0 0 -1
RT 835 2
T 836 2
0 0
ha 836
fa 0 0 0 -1
RT 836 2
T 837 2
0 0
ha 837
fa 0 0 0 -1
RT 837 2
T 838 2
0 0
ha 838
fa 0 0 0 -1
RT 838 2
T 839 2
0 0
ha 839
fa 0 0 0 -1
RT 839 2
T 840 2
0 0
ha 840
fa 0 0 0 -1
RT 840 2
T 841 2
0 0
ha 841
fa 0 0 0 -1
RT 841 2
T 842 2
0 0
ha 842
fa 0 0 0 -1
RT 842 2
T 843 2
0 0
ha 843
fa 0 0 0 -1
RT 843 2
T 844 2
0 0
ha 844
fa 0 0 0 -1
RT 844 2
T 845 2
0 0
ha 845
fa 0 0 0 -1
RT 845 2
T 846 2
0 0
ha 846
fa 0 0 0 -1
RT 846 2
T 847 2
0 0
ha 847
fa 0 0 0 -1
RT 847 2
T 848 2
0 0
ha 848
fa 0 0 0 -1
RT 848 2
T 849 2
0 0
ha 849
fa 0 0 0 -1
RT 849 2
T 850 2
0 0
ha 850
fa 0 0 0 -1
RT 850 2
T 851 2
0 0
ha 851
fa 0 0 0 -1
RT 851 2
T 852 2
0 0
ha 852
fa 0 0 0 -1
RT 852 2
T 853 2
0 0
ha 853
fa 0 0 0 -1
RT 853 2
T 854 2
0 0
ha 854
fa 0 0 0 -1
RT 854 2
T 855 2
0 0
ha 855
fa 0 0 0 -1
RT 855 2
T 856 2
0 0
ha 856
fa 0 0 0 -1
RT 856 2
T 857 2
0 0
ha 857
fa 0 0 0 -1
RT 857 2
T 858 2
0 0
ha 858
fa 0 0 0 -1
RT 858 2
T 859 2
0 0
ha 859
fa 0 0 0 -1
RT 859 2
T 860 2
0 0
ha 860
fa 0 0 0 -1
RT 860 2
T 861 2
0 0
ha 861
fa 0 0 0 -1
RT 861 2
T 862 2
0 0
ha 862
fa 0 0 0 -1
RT 862 2
T 863 2
0 0
ha 863
fa 0 0 0 -1
RT 863 2
T 864 2
0 0
ha 864
fa 0 0 0 -1
RT 864 2
T 865 2
0 0
ha 865
fa 0 0 0 -1
RT 865 2
T 866 2
0 0
ha 866
fa 0 0 0 -1
RT 866 2
T 867 2
0 0
ha 867
fa 0 0 0 -1
RT 867 2
T 868 2
0 0
ha 868
fa 0 0 0 -1
RT 868 2
T 869 2
0 0
ha 869
fa 0 0 0 -1
RT 869 2
T 870 2
0 0
ha 870
fa 0 0 0 -1
RT 870 2
T 871 2
0 0
ha 871
fa 0 0 0 -1
RT 871 2
T 872 2
0 0
ha 872
fa 0 0 0 -1
RT 872 2
T 873 2
0 0
ha 873
fa 0 0 0 -1
RT 873 2
T 874 2
0 0
ha 874
fa 0 0 0 -1
RT 874 2
T 875 2
0 0
ha 875
fa 0 0 0 -1
RT 875 2
T 876 2
0 0
ha 876
fa 0 0 0 -1
RT 876 2
T 877 2
0 0
ha 877
fa 0 0 0 -1
RT 877 2
T 878 2
0 0
ha 878
fa 0 0 0 -1
RT 878 2
T 879 2
0 0
ha 879
fa 0 0 0 -1
RT 879 2
T 880 2
0 0
ha 880
fa 0 0 0 -1
RT 880 2
T 881 2
0 0
ha 881
fa 0 0 0 -1
RT 881 2
T 882 2
0 0
ha 882
fa 0 0 0 -1
RT 882 2
T 883 2
0 0
ha 883
fa 0 0 0 -1
RT 883 2
T 884 2
0 0
ha 884
fa 0 0 0 -1
RT 884 2
T 885 2
0 0
ha 885
fa 0 0 0 -1
RT 885 2
T 886 2
0 0
ha 886
fa 0 0 0 -1
RT 886 2
T 887 2
0 0
ha 887
fa 0 0 0 -1
RT 887 2
T 888 2
0 0
ha 888
fa 0 0 0 -1
RT 888 2
T 889 2
0 0
ha 889
fa 0 0 0 -1
RT 889 2
T 890 2
0 0
ha 890
fa 0 0 0 -1
RT 890 2
T 891 2
0 0
ha 891
fa 0 0 0 -1
RT 891 2
T 892 2
0 0
ha 892
fa 0 0 0 -1
RT 892 2
T 893 2
0 0
ha 893
fa 0 0 0 -1
RT 893 2
T 894 2
0 0
ha 894
fa 0 0 0 -1
RT 894 2
T 895 2
0 0
ha 895
fa 0 0 0 -1
RT 895 2
T 896 2
0 0
ha 896
fa 0 0 0 -1
RT 896 2
T 897 2
0 0
ha 897
fa 0 0 0 -1
RT 897 2
T 898 2
0 0
ha 898
fa 0 0 0 -1
RT 898 2
T 899 2
0 0
ha 899
fa 0 0 0 -1
RT 899 2
T 900 2
0 0
ha 900
fa 0 0 0 -1
RT 900 2
T 901 2
0 0
ha 901
fa 0 0 0 -1
RT 901 2
T 902 2
0 0
ha 902
fa 0 0 0 -1
RT 902 2
T 903 2
0 0
ha 903
fa 0 0 0 -1
RT 903 2
T 904 2
0 0
ha 904
fa 0 0 0 -1
RT 904 2
T 905 2
0 0
ha 905
fa 0 0 0 -1
RT 905 2
T 906 2
0 0
ha 906
fa 0 0 0 -1
RT 906 2
T 907 2
0 0
ha 907
fa 0 0 0 -1
RT 907 2
T 908 2
0 0
ha 908
fa 0 0 0 -1
RT 908 2
T 909 2
0 0
ha 909
fa 0 0 0 -1
RT 909 2
T 910 2
0 0
ha 910
fa 0 0 0 -1
RT 910 2
T 911 2
0 0
ha 911
fa 0 0 0 -1
RT 911 2
T 912 2
0 0
ha 912
fa 0 0 0 -1
RT 912 2
T 913 2
0 0
ha 913
fa 0 0 0 -1
RT 913 2
T 914 2
0 0
ha 914
fa 0 0 0 -1
RT 914 2
T 915 2
0 0
ha 915
fa 0 0 0 -1
RT 915 2
T 916 2
0 0
ha 916
fa 0 0 0 -1
RT 916 2
T 917 2
0 0
ha 917
fa 0 0 0 -1
RT 917 2
T 918 2
0 0
ha 918
fa 0 0 0 -1
RT 918 2
T 919 2
0 0
ha 919
fa 0 0 0 -1
RT 919 2
T 920 2
0 0
ha 920
fa 0 0 0 -1
RT 920 2
T 921 2
0 0
ha 921
fa 0 0 0 -1
RT 921 2
T 922 2
0 0
ha 922
fa 0 0 0 -1
RT 922 2
T 923 2
0 0
ha 923
fa 0 0 0 -1
RT 923 2
T 924 2
0 0
ha 924
fa 0 0 0 -1
RT 924 2
T 925 2
0 0
ha 925
fa 0 0 0 -1
RT 925 2
T 926 2
0 0
ha 926
fa 0 0 0 -1
RT 926 2
T 927 2
0 0
ha 927
fa 0 0 0 -1
RT 927 2
T 928 2
0 0
ha 928
fa 0 0 0 -1
RT 928 2
T 929 2
0 0
ha 929
fa 0 0 0 -1
RT 929 2
T 930 2
0 0
ha 930
fa 0 0 0 -1
RT 930 2
T 931 2
0 0
ha 931
fa 0 0 0 -1
RT 931 2
T 932 2
0 0
ha 932
fa 0 0 0 -1
RT 932 2
T 933 2
0 0
ha 933
fa 0 0 0 -1
RT 933 2
T 934 2
0 0
ha 934
fa 0 0 0 -1
RT 934 2
T 935 2
0 0
ha 935
fa 0 0 0 -1
RT 935 2
T 936 2
0 0
ha 936
fa 0 0 0 -1
RT 936 2
T 937 2
0 0
ha 937
fa 0 0 0 -1
RT 937 2
T 938 2
0 0
ha 938
fa 0 0 0 -1
RT 938 2
T 939 2
0 0
ha 939
fa 0 0 0 -1
RT 939 2
T 940 2
0 0
ha 940
fa 0 0 0 -1
RT 940 2
T 941 2
0 0
ha 941
fa 0 0 0 -1
RT 941 2
T 942 2
0 0
ha 942
fa 0 0 0 -1
RT 942 2
T 943 2
0 0
ha 943
fa 0 0 0 -1
RT 943 2
T 944 2
0 0
ha 944
fa 0 0 0 -1
RT 944 2
T 945 2
0 0
ha 945
fa 0 0 0 -1
RT 945 2
T 946 2
0 0
ha 946
fa 0 0 0 -1
RT 946 2
T 947 2
0 0
ha 947
fa 0 0 0 -1
RT 947 2
T 948 2
0 0
ha 948
fa 0 0 0 -1
RT 948 2
T 949 2
0 0
ha 949
fa 0 0 0 -1
RT 949 2
T 950 2
0 0
ha 950
fa 0 0 0 -1
RT 950 2
T 951 2
0 0
ha 951
fa 0 0 0 -1
RT 951 2
T 952 2
0 0
ha 952
fa 0 0 0 -1
RT 952 2
T 953 2
0 0
ha 953
fa 0 0 0 -1
RT 953 2
T 954 2
0 0
ha 954
fa 0 0 0 -1
RT 954 2
T 955 2
0 0
ha 955
fa 0 0 0 -1
RT 955 2
T 956 2
0 0
ha 956
fa 0 0 0 -1
RT 956 2
T 957 2
0 0
ha 957
fa 0 0 0 -1
RT 957 2
T 958 2
0 0
ha 958
fa 0 0 0 -1
RT 958 2
T 959 2
0 0
ha 959
fa 0 0 0 -1
RT 959 2
T 960 2
0 0
ha 960
fa 0 0 0 -1
RT 960 2
T 961 2
0 0
ha 961
fa 0 0 0 -1
RT 961 2
T 962 2
0 0
ha 962
fa 0 0 0 -1
RT 962 2
T 963 2
0 0
ha 963
fa 0 0 0 -1
RT 963 2
T 964 2
0 0
ha 964
fa 0 0 0 -1
RT 964 2
T 965 2
0 0
ha 965
fa 0 0 0 -1
RT 965 2
T 966 2
0 0
ha 966
fa 0 0 0 -1
RT 966 2
T 967 2
0 0
ha 967
fa 0 0 0 -1
RT 967 2
T 968 2
0 0
ha 968
fa 0 0 0 -1
RT 968 2
T 969 2
0 0
ha 969
fa 0 0 0 -1
RT 969 2
T 970 2
0 0
ha 970
fa 0 0 0 -1
RT 970 2
T 971 2
0 0
ha 971
fa 0 0 0 -1
RT 971 2
T 972 2
0 0
ha 972
fa 0 0 0 -1
RT 972 2
T 973 2
0 0
ha 973
fa 0 0 0 -1
RT 973 2
T 974 2
0 0
ha 974
fa 0 0 0 -1
RT 974 2
T 975 2
0 0
ha 975
fa 0 0 0 -1
RT 975 2
T 976 2
0 0
ha 976
fa 0 0 0 -1
RT 976 2
T 977 2
0 0
ha 977
fa 0 0 0 -1
RT 977 2
T 978 2
0 0
ha 978
fa 0 0 0 -1
RT 978 2
T 979 2
0 0
ha 979
fa 0 0 0 -1
RT 979 2
T 980 2
0 0
ha 980
fa 0 0 0 -1
RT 980 2
T 981 2
0 0
ha 981
fa 0 0 0 -1
RT 981 2
T 982 2
0 0
ha 982
fa 0 0 0 -1
RT 982 2
T 983 2
0 0
ha 983
fa 0 0 0 -1
RT 983 2
T 984 2
0 0
ha 984
fa 0 0 0 -1
RT 984 2
T 985 2
0 0
ha 985
fa 0 0 0 -1
RT 985 2
T 986 2
0 0
ha 986
fa 0 0 0 -1
RT 986 2
T 987 2
0 0
ha 987
fa 0 0 0 -1
RT 987 2
T 988 2
0 0
ha 988
fa 0 0 0 -1
RT 988 2
T 989 2
0 0
ha 989
fa 0 0 0 -1
RT 989 2
T 990 2
0 0
ha 990
fa 0 0 0 -1
RT 990 2
T 991 2
0 0
ha 991
fa 0 0 0 -1
RT 991 2
T 992 2
0 0
ha 992
fa 0 0 0 -1
RT 992 2
T 993 2
0 0
ha 993
fa 0 0 0 -1
RT 993 2
T 994 2
0 0
ha 994
fa 0 0 0 -1
RT 994 2
T 995 2
0 0
ha 995
fa 0 0 0 -1
RT 995 2
T 996 2
0 0
ha 996
fa 0 0 0 -1
RT 996 2
T 997 2
0 0
ha 997
fa 0 0 0 -1
RT 997 2
T 998 2
0 0
ha 998
fa 0 0 0 -1
RT 998 2
T 999 2
0 0
ha 999
fa 0 0 0 -1
RT 999 2
T 1000 2
0 0
ha 1000
fa 0 0 0 -1
RT 1000 2
T 1001 2
0 0
ha 1001
fa 0 0 0 -1
RT 1001 2
T 1002 2
0 0
ha 1002
fa 0 0 0 -1
RT 1002 2
T 1003 2
0 0
ha 1003
fa 0 0 0 -1
RT 1003 2
T 1004 2
0 0
ha 1004
fa 0 0 0 -1
RT 1004 2
T 1005 2
0 0
ha 1005
fa 0 0 0 -1
RT 1005 2
T 1006 2
0 0
ha 1006
fa 0 0 0 -1
RT 1006 2
T 1007 2
0 0
ha 1007
fa 0 0 0 -1
RT 1007 2
T 1008 2
0 0
ha 1008
fa 0 0 0 -1
RT 1008 2
T 1009 2
0 0
ha 1009
fa 0 0 0 -1
RT 1009 2
T 1010 2
0 0
ha 1010
fa 0 0 0 -1
RT 1010 2
T 1011 2
0 0
ha 1011
fa 0 0 0 -1
RT 1011 2
T 1012 2
0 0
ha 1012
fa 0 0 0 -1
RT 1012 2
T 1013 2
0 0
ha 1013
fa 0 0 0 -1
RT 1013 2
T 1014 2
0 0
ha 1014
fa 0 0 0 -1
RT 1014 2
T 1015 2
0 0
ha 1015
fa 0 0 0 -1
RT 1015 2
T 1016 2
0 0
ha 1016
fa 0 0 0 -1
RT 1016 2
T 1017 2
0 0
ha 1017
fa 0 0 0 -1
RT 1017 2
T 1018 2
0 0
ha 1018
fa 0 0 0 -1
RT 1018 2
T 1019 2
0 0
ha 1019
fa 0 0 0 -1
RT 1019 2
T 1020 2
0 0
ha 1020
fa 0 0 0 -1
RT 1020 2
T 1021 2
0 0
ha 1021
fa 0 0 0 -1
RT 1021 2
T 1022 2
0 0
ha 1022
fa 0 0 0 -1
RT 1022 2
T 1023 2
0 0
ha 1023
fa 0 0 0 -1
RT 1023 2
T 1024 2
0 0
ha 1024
fa 0 0 0 -1
RT 1024 2
T 1025 2
0 0
ha 1025
fa 0 0 0 -1
RT 1025 2
T 1026 2
0 0
ha 1026
fa 0 0 0 -1
RT 1026 2
T 1027 2
0 0
ha 1027
fa 0 0 0 -1
RT 1027 2
T 1028 2
0 0
ha 1028
fa 0 0 0 -1
RT 1028 2
T 1029 2
0 0
ha 1029
fa 0 0 0 -1
RT 1029 2
T 1030 2
0 0
ha 1030
fa 0 0 0 -1
RT 1030 2
T 1031 2
0 0
ha 1031
fa 0 0 0 -1
RT 1031 2
T 1032 2
0 0
ha 1032
fa 0 0 0 -1
RT 1032 2
T 1033 2
0 0
ha 1033
fa 0 0 0 -1
RT 1033 2
T 1034 2
0 0
ha 1034
fa 0 0 0 -1
RT 1034 2
T 1035 2
0 0
ha 1035
fa 0 0 0 -1
RT 1035 2
T 1036 2
0 0
ha 1036
fa 0 0 0 -1
RT 1036 2
T 1037 2
0 0
ha 1037
fa 0 0 0 -1
RT 1037 2
T 1038 2
0 0
ha 1038
fa 0 0 0 -1
RT 1038 2
T 1039 2
0 0
ha 1039
fa 0 0 0 -1
RT 1039 2
T 1040 2
0 0
ha 1040
fa 0 0 0 -1
RT 1040 2
T 1041 2
0 0
ha 1041
fa 0 0 0 -1
RT 1041 2
T 1042 2
0 0
ha 1042
fa 0 0 0 -1
RT 1042 2
T 1043 2
0 0
ha 1043
fa 0 0 0 -1
RT 1043 2
T 1044 2
0 0
ha 1044
fa 0 0 0 -1
RT 1044 2
T 1045 2
0 0
