T 0 2 0 0
    0     0     0     0     0     0     0     0     0     0     0     0     0     0     0     0     0     0     0     0 
    0     0     0     0     0     0     0     0     0     0     0     0     0     0     0     0     0     0     0     0 
    0     0     0     0     0     0     0     0     0     0     0     0     0     0     0     0     0     0     0     0 
    0     0     0     0     0     0     0     0     0     0     0     0     0     0     0     0     0     0     0     0 
    0     0     0     0     0     0     0     0     0     0     0     0     0     0     0     0     0     0     0     0 
    0     0     0     0     0     0     0     0     0     0     0     0     0     0     0     0     0     0     0     0 
    0     0     0     0     0     0     0     0     0     0     0     0     0     0     0     0     0     0     0     0 
    0     0     0     0     0     0     0     0     0     0     0     0     0     0     0     0     0     0     0     0 
    0     0     0     0     0     0     0     0     0     0     0     0     0     0     0     0     0     0     0     0 
    0     0     0     0     0     0     0     0     0     0     0     0     0     0     0     0     0     0     0     0 
    0     0     0     0     0     0     0     0     0     0     0     0     0     0     0     0     0     0     0     0 
    0     0     0     0     0     0     0     0     0     0     0     0     0     0     0     0     0     0     0     0 
    0     0     0     0     0     0     0     0     0     0     0     0     0     0     0     0     0     0     0     0 
    0     0     0     0     0     0     0     0     0     0     0     0     0     0     0     0     0     0     0     0 
    0     0     0     0     0     0     0     0     0     0     0     0     0     0     0     0     0     0     0     0 
    0     0     0     0     0     0     0     0     0     0     0     0     0     0     0     0     0     0     0     0 
    0     0     0     0     0     0     0     0     0     0     0     0     0     0     0     0     0     0     0     0 
    0     0     0     0     0     0     0     0     0     0     0     0     0     0     0     0     0     0     0     0 
    0     0     0     0     0     0     0     0     0     0     0     0     0     0     0     0     0     0     0     0 
    0     0     0     0     0     0     0     0     0     0     0     0     0     0     0     0     0     0     0     0 
fa 2 3 1 0
T 1 2 2 3
T 1 2 2 3
    0     0     0     0     0     1     0     0     0     1     1     0     0     1     0     1     0     0     1     0 
    1     0     0     0     0     1     1     0     0     0     0     0     0     1     0     0     0     0     0     0 
    0     0     0     0     1     0     1     0     0     1     0     0     0     0     0     0     0     0     1     0 
    0     1     0     0     1     0     0     0     0     1     0     1     0     0     1     0     0     0     1     0 
    0     1     0     0     1     0     1     0     0     0     1     0     0     0     0     0     0     0     0     0 
    0     0     0     0     0     0     0     0     0     0     0     0     0     1     1     0     0     1     1     0 
    0     0     0     0     1     1     0     0     1     1     0     0     0     0     0     0     0     0     0     0 
    0     1     1     0     0     0     0     1     0     0     0     0     0     0     0     0     0     0     1     0 
    0     1     1     0     0     0     1     0     0     0     0     0     0     0     0     0     0     0     0     0 
    0     0     0     0     0     0     0     1     0     0     0     0     1     0     0     0     1     0     0     1 
    0     1     0     0     0     1     1     0     1     1     0     0     0     0     0     1     1     0     0     0 
    0     0     0     0     0     0     0     0     1     0     0     0     0     0     0     1     0     0     0     0 
    0     0     1     0     0     0     0     0     0     0     0     0     0     0     0     0     0     0     1     0 
    0     1     1     1     0     1     0     0     0     0     0     0     0     0     0     0     0     0     0     0 
    1     0     0     0     0     0     0     1     0     0     0     0     0     0     0     0     0     0     0     0 
    0     0     0     1     0     0     0     0     0     0     1     0     0     0     0     0     0     0     1     0 
    0     0     0     1     0     1     1     1     0     0     0     0     1     1     1     0     0     0     0     1 
    1     1     0     0     1     0     0     0     0     0     0     0     0     1     0     0     1     1     0     0 
    1     1     0     0     1     1     0     0     1     0     0     0     0     0     0     0     0     0     1     1 
    0     0     0     1     1     0     0     1     0     0     1     0     0     1     0     0     0     0     0     0 
fa 2 3 3 1
T 2 2 3 3
    0     0     0     0     0     1     0     0     0     1     1     0     0     1     0     1     0     0     1     0 
    1     0     0     0     0     1     1     0     0     0     0     0     0     1     0     0     0     0     0     0 
    0     0     0     0     1     0     1     0     0     1     0     0     0     0     0     0     0     0     1     0 
    0     1     0     0     1     0     0     0     0     1     0     1     0     0     1     0     0     0     1     0 
    0     1     0     0     1     0     1     0     0     0     1     0     0     0     0     0     0     0     0     0 
    0     0     0     0     0     0     0     0     0     0     0     0     0     1     1     0     0     1     1     0 
    0     0     0     0     1     1     0     0     1     1     0     0     0     0     0     0     0     0     0     0 
    0     1     1     0     0     0     0     1     0     0     0     0     0     0     0     0     0     0     1     0 
    0     1     1     0     0     0     1     0     0     0     0     0     0     0     0     0     0     0     0     0 
    0     0     0     0     0     0     0     1     0     0     0     0     1     0     0     0     1     0     0     1 
    0     1     0     0     0     1     1     0     1     1     0     0     0     0     0     1     1     0     0     0 
    0     0     0     0     0     0     0     0     1     0     0     0     0     0     0     1     0     0     0     0 
    0     0     1     0     0     0     0     0     0     0     0     0     0     0     0     0     0     0     1     0 
    0     1     1     1     0     1     0     0     0     0     0     0     0     0     0     0     0     0     0     0 
    1     0     0     0     0     0     0     1     0     0     0     0     0     0     0     0     0     0     0     0 
    0     0     0     1     0     0     0     0     0     0     1     0     0     0     0     0     0     0     1     0 
    0     0     0     1     0     1     1     1     0     0     0     0     1     1     1     0     0     0     0     1 
    1     1     0     0     1     0     0     0     0     0     0     0     0     1     0     0     1     1     0     0 
    1     1     0     0     1     1     0     0     1     0     0     0     0     0     0     0     0     0     1     1 
    0     0     0     1     1     0     0     1     0     0     1     0     0     1     0     0     0     0     0     0 
fa 3 3 1 0
T 3 2 3 3
T 3 2 3 3
    0     0     0     0     0     1     0     0     0     1     1     0     0     1     0     1     0     0     1     0 
    1     0     0     0     0     1     1     0     0     0     0     0     0     1     0     0     0     0     0     0 
    0     0     0     0     1     0     1     0     0     1     0     0     0     0     0     0     0     0     1     0 
    0     0     0     0     1     0     0     0     0     1     0     1     0     0     1     0     0     0     1     0 
    0     1     0     0     1     0     1     0     0     0     1     0     0     0     0     0     0     0     0     0 
    0     0     0     0     0     0     0     0     0     0     0     0     0     1     1     0     0     1     1     0 
    0     0     0     0     1     1     0     0     1     1     0     0     0     0     0     0     0     0     0     0 
    0     1     1     0     0     0     0     1     0     0     0     0     0     0     0     0     0     0     1     0 
    0     1     1     0     0     0     1     0     0     0     0     0     0     0     0     0     0     0     0     0 
    0     0     0     0     0     0     0     1     0     0     0     0     1     0     0     0     1     0     0     1 
    0     1     0     0     0     1     1     0     1     1     0     0     0     0     0     1     1     0     0     0 
    0     0     0     0     0     0     0     0     1     0     0     0     0     0     0     1     0     0     0     0 
    0     0     1     0     0     0     0     0     0     0     0     0     0     0     0     0     0     0     1     0 
    0     1     1     1     0     1     0     0     0     0     0     0     0     0     0     0     0     0     0     0 
    1     0     0     0     0     0     0     1     0     0     0     0     0     0     0     0     0     0     0     0 
    0     0     0     1     0     0     0     0     0     0     1     0     0     0     0     0     0     0     1     0 
    0     0     0     1     0     1     1     1     0     0     0     0     1     1     1     0     0     0     0     1 
    1     1     0     0     1     0     0     0     0     0     0     0     0     1     0     0     1     1     0     0 
    1     1     0     0     1     1     0     0     1     0     0     0     0     0     0     0     0     0     1     1 
    0     0     0     1     1     0     0     1     0     0     1     0     0     1     0     0     0     0     0     0 
fa 3 3 1 0
T 4 2 3 3
T 4 2 3 3
    0     0     0     0     0     1     0     0     0     1     1     0     0     1     0     1     0     0     1     0 
    1     0     0     0     0     1     1     0     0     0     0     0     0     1     0     0     0     0     0     0 
    0     0     0     0     1     0     1     0     0     1     0     0     0     0     0     0     0     0     1     0 
    0     0     0     0     1     0     0     0     0     1     0     1     0     0     1     0     0     0     1     0 
    0     1     0     0     1     0     1     0     0     0     1     0     0     0     0     0     0     0     0     0 
    0     0     0     0     0     0     0     0     0     0     0     0     0     1     1     0     0     1     1     0 
    0     0     0     0     1     1     0     0     1     1     0     0     0     0     0     0     0     0     0     0 
    0     1     1     0     0     0     0     1     0     0     0     0     0     0     0     0     0     0     1     0 
    0     1     1     0     0     0     1     0     0     0     0     0     0     0     0     0     0     0     0     0 
    0     0     0     0     0     0     0     1     0     0     0     0     1     0     0     0     1     0     0     1 
    0     1     0     0     0     1     1     0     1     1     0     0     0     0     0     1     1     0     0     0 
    0     0     0     0     0     0     0     0     1     0     0     0     0     0     0     1     0     0     0     0 
    0     0     1     0     0     0     0     0     0     0     0     0     0     0     0     0     0     0     1     0 
    0     1     1     1     0     1     0     0     0     0     0     0     0     0     0     0     0     0     0     0 
    1     0     0     0     0     0     0     1     0     0     0     0     0     0     0     0     0     0     0     0 
    0     0     0     1     0     0     0     0     0     0     1     0     0     0     0     0     0     0     1     0 
    0     0     0     1     0     1     1     1     0     0     0     0     1     1     1     0     0     0     0     1 
    1     1     0     0     1     0     0     0     0     0     0     0     0     1     0     0     1     1     0     0 
    1     1     0     0     1     1     0     0     1     0     0     0     0     0     0     0     0     0     1     1 
    0     0     0     1     1     0     0     1     0     0     1     0     0     1     0     0     0     0     0     0 
fa 3 3 1 0
T 5 2 3 3
T 5 2 3 3
    0     0     0     0     0     1     0     0     0     1     1     0     0     1     0     1     0     0     1     0 
    1     0     0     0     0     1     1     0     0     0     0     0     0     1     0     0     0     0     0     0 
    0     0     0     0     1     0     1     0     0     1     0     0     0     0     0     0     0     0     1     0 
    0     0     0     0     1     0     0     0     0     1     0     1     0     0     1     0     0     0     1     0 
    0     1     0     0     1     0     1     0     0     0     1     0     0     0     0     0     0     0     0     0 
    0     0     0     0     0     0     0     0     0     0     0     0     0     1     1     0     0     1     1     0 
    0     0     0     0     1     1     0     0     1     1     0     0     0     0     0     0     0     0     0     0 
    0     1     1     0     0     0     0     1     0     0     0     0     0     0     0     0     0     0     1     0 
    0     1     1     0     0     0     1     0     0     0     0     0     0     0     0     0     0     0     0     0 
    0     0     0     0     0     0     0     1     0     0     0     0     1     0     0     0     1     0     0     1 
    0     1     0     0     0     1     1     0     1     1     0     0     0     0     0     1     1     0     0     0 
    0     0     0     0     0     0     0     0     1     0     0     0     0     0     0     1     0     0     0     0 
    0     0     1     0     0     0     0     0     0     0     0     0     0     0     0     0     0     0     1     0 
    0     1     1     1     0     1     0     0     0     0     0     0     0     0     0     0     0     0     0     0 
    1     0     0     0     0     0     0     1     0     0     0     0     0     0     0     0     0     0     0     0 
    0     0     0     1     0     0     0     0     0     0     1     0     0     0     0     0     0     0     1     0 
    0     0     0     1     0     1     1     1     0     0     0     0     1     1     1     0     0     0     0     1 
    1     1     0     0     1     0     0     0     0     0     0     0     0     1     0     0     1     1     0     0 
    1     1     0     0     1     1     0     0     1     0     0     0     0     0     0     0     0     0     1     1 
    0     0     0     1     1     0     0     1     0     0     1     0     0     1     0     0     0     0     0     0 
fa 2 3 3 2
T 6 2 3 3
T 6 2 3 3
    0     0     0     0     0     1     0     0     0     1     1     0     0     1     0     1     0     0     1     0 
    1     0     0     0     0     1     1     0     0     0     0     0     0     1     0     0     0     0     0     0 
    0     0     0     0     1     0     1     0     0     1     0     0     0     0     0     0     0     0     1     0 
    0     0     0     0     1     0     0     0     0     1     0     1     0     0     1     0     0     0     1     0 
    0     1     0     0     1     0     1     0     0     0     1     0     0     0     0     0     0     0     0     0 
    0     0     0     0     0     0     0     0     0     0     0     0     0     1     1     0     0     1     1     0 
    0     0     0     0     1     1     0     0     1     1     0     0     0     0     0     0     0     0     0     0 
    0     1     1     0     0     0     0     1     0     0     0     0     0     0     0     0     0     0     1     0 
    0     1     1     0     0     0     1     0     0     0     0     0     0     0     0     0     0     0     0     0 
    0     0     0     0     0     0     0     1     0     0     0     0     1     0     0     0     1     0     0     1 
    0     1     0     0     0     1     1     0     1     1     0     0     0     0     0     1     1     0     0     0 
    0     0     0     0     0     0     0     0     1     0     0     0     0     0     0     1     0     0     0     0 
    0     0     1     0     0     0     0     0     0     0     0     0     0     0     0     0     0     0     1     0 
    0     1     1     1     0     1     0     0     0     0     0     0     0     0     0     0     0     0     0     0 
    1     0     0     0     0     0     0     1     0     0     0     0     0     0     0     0     0     0     0     0 
    0     0     0     1     0     0     0     0     0     0     1     0     0     0     0     0     0     0     1     0 
    0     0     0     1     0     1     1     1     0     0     0     0     1     1     1     0     0     0     0     1 
    1     1     0     0     1     0     0     0     0     0     0     0     0     1     0     0     1     1     0     0 
    1     1     0     0     1     1     0     0     1     0     0     0     0     0     0     0     0     0     1     1 
    0     0     0     1     1     0     0     1     0     0     1     0     0     1     0     0     0     0     0     0 
fa 3 3 1 2
T 7 2 3 4
    0     0     0     0     0     1     0     0     0     1     1     0     0     1     0     1     0     0     1     0 
    1     0     0     0     0     1     1     0     0     0     0     0     0     1     0     0     0     0     0     0 
    0     0     0     0     1     0     1     0     0     1     0     0     0     0     0     0     0     0     1     0 
    0     0     0     0     1     0     0     0     0     1     0     1     0     0     1     0     0     0     1     0 
    0     1     0     0     1     0     1     0     0     0     1     0     0     0     0     0     0     0     0     0 
    0     0     0     0     0     0     0     0     0     0     0     0     0     1     1     0     0     1     1     0 
    0     0     0     0     1     1     0     0     1     1     0     0     0     0     0     0     0     0     0     0 
    0     1     1     0     0     0     0     1     0     0     0     0     0     0     0     0     0     0     1     0 
    0     1     1     0     0     0     1     0     0     0     0     0     0     0     0     0     0     0     0     0 
    0     0     0     0     0     0     0     1     0     0     0     0     1     0     0     0     1     0     0     1 
    0     1     0     0     0     1     1     0     1     1     0     0     0     0     0     1     1     0     0     0 
    0     0     0     0     0     0     0     0     1     0     0     0     0     0     0     1     0     0     0     0 
    0     0     1     0     0     0     0     0     0     0     0     0     0     0     0     0     0     0     1     0 
    0     1     1     1     0     1     0     0     0     0     0     0     0     0     0     0     0     0     0     0 
    1     0     0     0     0     0     0     1     0     0     0     0     0     0     0     0     0     0     0     0 
    0     0     0     1     0     0     0     0     0     0     1     0     0     0     0     0     0     0     1     0 
    0     0     0     1     0     1     1     1     0     0     0     0     1     1     1     0     0     0     0     1 
    1     1     0     0     1     0     0     0     0     0     0     0     0     1     0     0     1     1     0     0 
    1     1     0     0     1     1     0     0     1     0     0     0     0     0     0     0     0     0     1     1 
    0     0     0     1     1     0     0     1     0     0     1     0     0     1     0     0     0     0     0     0 
fa 3 4 3 1
T 8 2 4 4
    0     0     0     0     0     1     0     0     0     1     1     0     0     1     0     1     0     0     1     0 
    1     0     0     0     0     1     1     0     0     0     0     0     0     1     0     0     0     0     0     0 
    0     0     0     0     0     0     1     0     0     1     0     0     0     0     0     0     0     0     1     0 
    0     0     0     0     0     0     0     0     0     1     0     1     0     0     1     0     0     0     1     0 
    0     1     0     0     1     0     1     0     0     0     1     0     0     0     0     0     0     0     0     0 
    0     0     0     0     0     0     0     0     0     0     0     0     0     1     1     0     0     1     1     0 
    0     0     0     0     1     1     0     0     1     1     0     0     0     0     0     0     0     0     0     0 
    0     1     1     0     0     0     0     1     0     0     0     0     0     0     0     0     0     0     1     0 
    0     1     1     0     0     0     1     0     0     0     0     0     0     0     0     0     0     0     0     0 
    0     0     0     0     0     0     0     1     0     0     0     0     1     0     0     0     1     0     0     1 
    0     1     0     0     0     1     1     0     1     1     0     0     0     0     0     1     1     0     0     0 
    0     0     0     0     0     0     0     0     1     0     0     0     0     0     0     1     0     0     0     0 
    0     0     1     0     0     0     0     0     0     0     0     0     0     0     0     0     0     0     1     0 
    0     1     1     1     0     1     0     0     0     0     0     0     0     0     0     0     0     0     0     0 
    1     0     0     0     0     0     0     1     0     0     0     0     0     0     0     0     0     0     0     0 
    0     0     0     1     0     0     0     0     0     0     1     0     0     0     0     0     0     0     1     0 
    0     0     0     1     0     1     1     1     0     0     0     0     1     1     1     0     0     0     0     1 
    1     1     0     0     1     0     0     0     0     0     0     0     0     1     0     0     1     1     0     0 
    1     1     0     0     1     1     0     0     1     0     0     0     0     0     0     0     0     0     1     1 
    0     0     0     1     1     0     0     1     0     0     1     0     0     1     0     0     0     0     0     0 
fa 4 4 1 0
T 9 2 4 4
T 9 2 4 4
    0     0     0     0     0     1     0     0     0     1     1     0     0     1     0     1     0     0     1     0 
    1     0     0     0     0     1     1     0     0     0     0     0     0     1     0     0     0     0     0     0 
    0     0     0     0     0     0     1     0     0     1     0     0     0     0     0     0     0     0     1     0 
    0     0     0     0     0     0     0     0     0     1     0     1     0     0     1     0     0     0     1     0 
    0     1     0     0     0     0     1     0     0     0     1     0     0     0     0     0     0     0     0     0 
    0     0     0     0     0     0     0     0     0     0     0     0     0     1     1     0     0     1     1     0 
    0     0     0     0     1     1     0     0     1     1     0     0     0     0     0     0     0     0     0     0 
    0     1     1     0     0     0     0     1     0     0     0     0     0     0     0     0     0     0     1     0 
    0     1     1     0     0     0     1     0     0     0     0     0     0     0     0     0     0     0     0     0 
    0     0     0     0     0     0     0     1     0     0     0     0     1     0     0     0     1     0     0     1 
    0     1     0     0     0     1     1     0     1     1     0     0     0     0     0     1     1     0     0     0 
    0     0     0     0     0     0     0     0     1     0     0     0     0     0     0     1     0     0     0     0 
    0     0     1     0     0     0     0     0     0     0     0     0     0     0     0     0     0     0     1     0 
    0     1     1     1     0     1     0     0     0     0     0     0     0     0     0     0     0     0     0     0 
    1     0     0     0     0     0     0     1     0     0     0     0     0     0     0     0     0     0     0     0 
    0     0     0     1     0     0     0     0     0     0     1     0     0     0     0     0     0     0     1     0 
    0     0     0     1     0     1     1     1     0     0     0     0     1     1     1     0     0     0     0     1 
    1     1     0     0     1     0     0     0     0     0     0     0     0     1     0     0     1     1     0     0 
    1     1     0     0     1     1     0     0     1     0     0     0     0     0     0     0     0     0     1     1 
    0     0     0     1     1     0     0     1     0     0     1     0     0     1     0     0     0     0     0     0 
fa 2 3 3 2
T 10 2 4 4
T 10 2 4 4
    0     0     0     0     0     1     0     0     0     1     1     0     0     1     0     1     0     0     1     0 
    1     0     0     0     0     1     1     0     0     0     0     0     0     1     0     0     0     0     0     0 
    0     0     0     0     0     0     1     0     0     1     0     0     0     0     0     0     0     0     1     0 
    0     0     0     0     0     0     0     0     0     1     0     1     0     0     1     0     0     0     1     0 
    0     1     0     0     0     0     1     0     0     0     1     0     0     0     0     0     0     0     0     0 
    0     0     0     0     0     0     0     0     0     0     0     0     0     1     1     0     0     1     1     0 
    0     0     0     0     1     1     0     0     1     1     0     0     0     0     0     0     0     0     0     0 
    0     1     1     0     0     0     0     1     0     0     0     0     0     0     0     0     0     0     1     0 
    0     1     1     0     0     0     1     0     0     0     0     0     0     0     0     0     0     0     0     0 
    0     0     0     0     0     0     0     1     0     0     0     0     1     0     0     0     1     0     0     1 
    0     1     0     0     0     1     1     0     1     1     0     0     0     0     0     1     1     0     0     0 
    0     0     0     0     0     0     0     0     1     0     0     0     0     0     0     1     0     0     0     0 
    0     0     1     0     0     0     0     0     0     0     0     0     0     0     0     0     0     0     1     0 
    0     1     1     1     0     1     0     0     0     0     0     0     0     0     0     0     0     0     0     0 
    1     0     0     0     0     0     0     1     0     0     0     0     0     0     0     0     0     0     0     0 
    0     0     0     1     0     0     0     0     0     0     1     0     0     0     0     0     0     0     1     0 
    0     0     0     1     0     1     1     1     0     0     0     0     1     1     1     0     0     0     0     1 
    1     1     0     0     1     0     0     0     0     0     0     0     0     1     0     0     1     1     0     0 
    1     1     0     0     1     1     0     0     1     0     0     0     0     0     0     0     0     0     1     1 
    0     0     0     1     1     0     0     1     0     0     1     0     0     1     0     0     0     0     0     0 
fa 3 3 1 2
T 11 2 4 4
T 11 2 4 4
    0     0     0     0     0     1     0     0     0     1     1     0     0     1     0     1     0     0     1     0 
    1     0     0     0     0     1     1     0     0     0     0     0     0     1     0     0     0     0     0     0 
    0     0     0     0     0     0     1     0     0     1     0     0     0     0     0     0     0     0     1     0 
    0     0     0     0     0     0     0     0     0     1     0     1     0     0     1     0     0     0     1     0 
    0     1     0     0     0     0     1     0     0     0     1     0     0     0     0     0     0     0     0     0 
    0     0     0     0     0     0     0     0     0     0     0     0     0     1     1     0     0     1     1     0 
    0     0     0     0     1     1     0     0     1     1     0     0     0     0     0     0     0     0     0     0 
    0     1     1     0     0     0     0     1     0     0     0     0     0     0     0     0     0     0     1     0 
    0     1     1     0     0     0     1     0     0     0     0     0     0     0     0     0     0     0     0     0 
    0     0     0     0     0     0     0     1     0     0     0     0     1     0     0     0     1     0     0     1 
    0     1     0     0     0     1     1     0     1     1     0     0     0     0     0     1     1     0     0     0 
    0     0     0     0     0     0     0     0     1     0     0     0     0     0     0     1     0     0     0     0 
    0     0     1     0     0     0     0     0     0     0     0     0     0     0     0     0     0     0     1     0 
    0     1     1     1     0     1     0     0     0     0     0     0     0     0     0     0     0     0     0     0 
    1     0     0     0     0     0     0     1     0     0     0     0     0     0     0     0     0     0     0     0 
    0     0     0     1     0     0     0     0     0     0     1     0     0     0     0     0     0     0     1     0 
    0     0     0     1     0     1     1     1     0     0     0     0     1     1     1     0     0     0     0     1 
    1     1     0     0     1     0     0     0     0     0     0     0     0     1     0     0     1     1     0     0 
    1     1     0     0     1     1     0     0     1     0     0     0     0     0     0     0     0     0     1     1 
    0     0     0     1     1     0     0     1     0     0     1     0     0     1     0     0     0     0     0     0 
fa 3 4 3 2
T 12 2 4 4
T 12 2 4 4
    0     0     0     0     0     1     0     0     0     1     1     0     0     1     0     1     0     0     1     0 
    1     0     0     0     0     1     1     0     0     0     0     0     0     1     0     0     0     0     0     0 
    0     0     0     0     0     0     1     0     0     1     0     0     0     0     0     0     0     0     1     0 
    0     0     0     0     0     0     0     0     0     1     0     1     0     0     1     0     0     0     1     0 
    0     1     0     0     0     0     1     0     0     0     1     0     0     0     0     0     0     0     0     0 
    0     0     0     0     0     0     0     0     0     0     0     0     0     1     1     0     0     1     1     0 
    0     0     0     0     1     1     0     0     1     1     0     0     0     0     0     0     0     0     0     0 
    0     1     1     0     0     0     0     1     0     0     0     0     0     0     0     0     0     0     1     0 
    0     1     1     0     0     0     1     0     0     0     0     0     0     0     0     0     0     0     0     0 
    0     0     0     0     0     0     0     1     0     0     0     0     1     0     0     0     1     0     0     1 
    0     1     0     0     0     1     1     0     1     1     0     0     0     0     0     1     1     0     0     0 
    0     0     0     0     0     0     0     0     1     0     0     0     0     0     0     1     0     0     0     0 
    0     0     1     0     0     0     0     0     0     0     0     0     0     0     0     0     0     0     1     0 
    0     1     1     1     0     1     0     0     0     0     0     0     0     0     0     0     0     0     0     0 
    1     0     0     0     0     0     0     1     0     0     0     0     0     0     0     0     0     0     0     0 
    0     0     0     1     0     0     0     0     0     0     1     0     0     0     0     0     0     0     1     0 
    0     0     0     1     0     1     1     1     0     0     0     0     1     1     1     0     0     0     0     1 
    1     1     0     0     1     0     0     0     0     0     0     0     0     1     0     0     1     1     0     0 
    1     1     0     0     1     1     0     0     1     0     0     0     0     0     0     0     0     0     1     1 
    0     0     0     1     1     0     0     1     0     0     1     0     0     1     0     0     0     0     0     0 
fa 4 4 3 2
T 13 2 5 4
    0     0     0     0     0     1     0     0     0     1     1     0     0     1     0     1     0     0     1     0 
    1     0     0     0     0     1     1     0     0     0     0     0     0     1     0     0     0     0     0     0 
    0     0     0     0     0     0     1     0     0     1     0     0     0     0     0     0     0     0     1     0 
    0     0     0     0     0     0     0     0     0     1     0     1     0     0     1     0     0     0     1     0 
    0     1     0     0     0     0     1     0     0     0     1     0     0     0     0     0     0     0     0     0 
    0     0     0     0     0     0     0     0     0     0     0     0     0     1     1     0     0     1     1     0 
    0     0     0     0     1     1     0     0     1     1     0     0     0     0     0     0     0     0     0     0 
    0     1     1     0     0     0     0     1     0     0     0     0     0     0     0     0     0     0     1     0 
    0     1     1     0     0     0     1     0     0     0     0     0     0     0     0     0     0     0     0     0 
    0     0     0     0     0     0     0     1     0     0     0     0     1     0     0     0     1     0     0     1 
    0     1     0     0     0     1     1     0     1     1     0     0     0     0     0     1     1     0     0     0 
    0     0     0     0     0     0     0     0     1     0     0     0     0     0     0     1     0     0     0     0 
    0     0     1     0     0     0     0     0     0     0     0     0     0     0     0     0     0     0     1     0 
    0     1     1     1     0     1     0     0     0     0     0     0     0     0     0     0     0     0     0     0 
    1     0     0     0     0     0     0     1     0     0     0     0     0     0     0     0     0     0     0     0 
    0     0     0     1     0     0     0     0     0     0     1     0     0     0     0     0     0     0     1     0 
    0     0     0     1     0     1     1     1     0     0     0     0     1     1     1     0     0     0     0     1 
    1     1     0     0     1     0     0     0     0     0     0     0     0     1     0     0     1     1     0     0 
    1     1     0     0     1     1     0     0     1     0     0     0     0     0     0     0     0     0     1     1 
    0     0     0     1     1     0     0     1     0     0     1     0     0     1     0     0     0     0     0     0 
fa 5 4 3 1
T 14 2 6 4
    0     0     0     0     0     1     0     0     0     1     1     0     0     1     0     1     0     0     1     0 
    1     0     0     0     0     1     1     0     0     0     0     0     0     1     0     0     0     0     0     0 
    0     0     0     0     0     0     1     0     0     1     0     0     0     0     0     0     0     0     1     0 
    0     0     0     0     0     0     0     0     0     1     0     1     0     0     1     0     0     0     1     0 
    0     1     0     0     0     0     1     0     0     0     1     0     0     0     0     0     0     0     0     0 
    0     0     0     0     0     0     0     0     0     0     0     0     0     1     1     0     0     1     1     0 
    0     0     0     0     1     1     0     0     1     1     0     0     0     0     0     0     0     0     0     0 
    0     1     1     0     0     0     0     1     0     0     0     0     0     0     0     0     0     0     1     0 
    0     1     1     0     0     0     1     0     0     0     0     0     0     0     0     0     0     0     0     0 
    0     0     0     0     0     0     0     1     0     0     0     0     1     0     0     0     1     0     0     1 
    0     1     0     0     0     1     1     0     1     1     0     0     0     0     0     1     1     0     0     0 
    0     0     0     0     0     0     0     0     1     0     0     0     0     0     0     1     0     0     0     0 
    0     0     1     0     0     0     0     0     0     0     0     0     0     0     0     0     0     0     1     0 
    0     1     1     1     0     1     0     0     0     0     0     0     0     0     0     0     0     0     0     0 
    1     0     0     0     0     0     0     1     0     0     0     0     0     0     0     0     0     0     0     0 
    0     0     0     1     0     0     0     0     0     0     1     0     0     0     0     0     0     0     1     0 
    0     0     0     1     0     1     1     1     0     0     0     0     1     1     1     0     0     0     0     1 
    1     1     0     0     1     0     0     0     0     0     0     0     0     1     0     0     1     1     0     0 
    1     1     0     0     1     1     0     0     1     0     0     0     0     0     0     0     0     0     1     1 
    0     0     0     1     1     0     0     1     0     0     1     0     0     1     0     0     0     0     0     0 
fa 2 3 3 2
T 15 2 6 4
T 15 2 6 4
    0     0     0     0     0     1     0     0     0     1     1     0     0     1     0     1     0     0     1     0 
    1     0     0     0     0     1     1     0     0     0     0     0     0     1     0     0     0     0     0     0 
    0     0     0     0     0     0     1     0     0     1     0     0     0     0     0     0     0     0     1     0 
    0     0     0     0     0     0     0     0     0     1     0     1     0     0     1     0     0     0     1     0 
    0     1     0     0     0     0     1     0     0     0     1     0     0     0     0     0     0     0     0     0 
    0     0     0     0     0     0     0     0     0     0     0     0     0     1     1     0     0     1     1     0 
    0     0     0     0     0     1     0     0     1     1     0     0     0     0     0     0     0     0     0     0 
    0     1     1     0     0     0     0     1     0     0     0     0     0     0     0     0     0     0     1     0 
    0     1     1     0     0     0     1     0     0     0     0     0     0     0     0     0     0     0     0     0 
    0     0     0     0     0     0     0     1     0     0     0     0     1     0     0     0     1     0     0     1 
    0     1     0     0     0     1     1     0     1     1     0     0     0     0     0     1     1     0     0     0 
    0     0     0     0     0     0     0     0     1     0     0     0     0     0     0     1     0     0     0     0 
    0     0     1     0     0     0     0     0     0     0     0     0     0     0     0     0     0     0     1     0 
    0     1     1     1     0     1     0     0     0     0     0     0     0     0     0     0     0     0     0     0 
    1     0     0     0     0     0     0     1     0     0     0     0     0     0     0     0     0     0     0     0 
    0     0     0     1     0     0     0     0     0     0     1     0     0     0     0     0     0     0     1     0 
    0     0     0     1     0     1     1     1     0     0     0     0     1     1     1     0     0     0     0     1 
    1     1     0     0     1     0     0     0     0     0     0     0     0     1     0     0     1     1     0     0 
    1     1     0     0     1     1     0     0     1     0     0     0     0     0     0     0     0     0     1     1 
    0     0     0     1     1     0     0     1     0     0     1     0     0     1     0     0     0     0     0     0 
fa 3 3 1 2
T 16 2 6 4
T 16 2 6 4
    0     0     0     0     0     1     0     0     0     1     1     0     0     1     0     1     0     0     1     0 
    1     0     0     0     0     1     1     0     0     0     0     0     0     1     0     0     0     0     0     0 
    0     0     0     0     0     0     1     0     0     1     0     0     0     0     0     0     0     0     1     0 
    0     0     0     0     0     0     0     0     0     1     0     1     0     0     1     0     0     0     1     0 
    0     1     0     0     0     0     1     0     0     0     1     0     0     0     0     0     0     0     0     0 
    0     0     0     0     0     0     0     0     0     0     0     0     0     1     1     0     0     1     1     0 
    0     0     0     0     0     1     0     0     1     1     0     0     0     0     0     0     0     0     0     0 
    0     1     1     0     0     0     0     1     0     0     0     0     0     0     0     0     0     0     1     0 
    0     1     1     0     0     0     1     0     0     0     0     0     0     0     0     0     0     0     0     0 
    0     0     0     0     0     0     0     1     0     0     0     0     1     0     0     0     1     0     0     1 
    0     1     0     0     0     1     1     0     1     1     0     0     0     0     0     1     1     0     0     0 
    0     0     0     0     0     0     0     0     1     0     0     0     0     0     0     1     0     0     0     0 
    0     0     1     0     0     0     0     0     0     0     0     0     0     0     0     0     0     0     1     0 
    0     1     1     1     0     1     0     0     0     0     0     0     0     0     0     0     0     0     0     0 
    1     0     0     0     0     0     0     1     0     0     0     0     0     0     0     0     0     0     0     0 
    0     0     0     1     0     0     0     0     0     0     1     0     0     0     0     0     0     0     1     0 
    0     0     0     1     0     1     1     1     0     0     0     0     1     1     1     0     0     0     0     1 
    1     1     0     0     1     0     0     0     0     0     0     0     0     1     0     0     1     1     0     0 
    1     1     0     0     1     1     0     0     1     0     0     0     0     0     0     0     0     0     1     1 
    0     0     0     1     1     0     0     1     0     0     1     0     0     1     0     0     0     0     0     0 
fa 3 4 3 2
T 17 2 6 4
T 17 2 6 4
    0     0     0     0     0     1     0     0     0     1     1     0     0     1     0     1     0     0     1     0 
    1     0     0     0     0     1     1     0     0     0     0     0     0     1     0     0     0     0     0     0 
    0     0     0     0     0     0     1     0     0     1     0     0     0     0     0     0     0     0     1     0 
    0     0     0     0     0     0     0     0     0     1     0     1     0     0     1     0     0     0     1     0 
    0     1     0     0     0     0     1     0     0     0     1     0     0     0     0     0     0     0     0     0 
    0     0     0     0     0     0     0     0     0     0     0     0     0     1     1     0     0     1     1     0 
    0     0     0     0     0     1     0     0     1     1     0     0     0     0     0     0     0     0     0     0 
    0     1     1     0     0     0     0     1     0     0     0     0     0     0     0     0     0     0     1     0 
    0     1     1     0     0     0     1     0     0     0     0     0     0     0     0     0     0     0     0     0 
    0     0     0     0     0     0     0     1     0     0     0     0     1     0     0     0     1     0     0     1 
    0     1     0     0     0     1     1     0     1     1     0     0     0     0     0     1     1     0     0     0 
    0     0     0     0     0     0     0     0     1     0     0     0     0     0     0     1     0     0     0     0 
    0     0     1     0     0     0     0     0     0     0     0     0     0     0     0     0     0     0     1     0 
    0     1     1     1     0     1     0     0     0     0     0     0     0     0     0     0     0     0     0     0 
    1     0     0     0     0     0     0     1     0     0     0     0     0     0     0     0     0     0     0     0 
    0     0     0     1     0     0     0     0     0     0     1     0     0     0     0     0     0     0     1     0 
    0     0     0     1     0     1     1     1     0     0     0     0     1     1     1     0     0     0     0     1 
    1     1     0     0     1     0     0     0     0     0     0     0     0     1     0     0     1     1     0     0 
    1     1     0     0     1     1     0     0     1     0     0     0     0     0     0     0     0     0     1     1 
    0     0     0     1     1     0     0     1     0     0     1     0     0     1     0     0     0     0     0     0 
fa 4 4 3 2
T 18 2 6 4
T 18 2 6 4
    0     0     0     0     0     1     0     0     0     1     1     0     0     1     0     1     0     0     1     0 
    1     0     0     0     0     1     1     0     0     0     0     0     0     1     0     0     0     0     0     0 
    0     0     0     0     0     0     1     0     0     1     0     0     0     0     0     0     0     0     1     0 
    0     0     0     0     0     0     0     0     0     1     0     1     0     0     1     0     0     0     1     0 
    0     1     0     0     0     0     1     0     0     0     1     0     0     0     0     0     0     0     0     0 
    0     0     0     0     0     0     0     0     0     0     0     0     0     1     1     0     0     1     1     0 
    0     0     0     0     0     1     0     0     1     1     0     0     0     0     0     0     0     0     0     0 
    0     1     1     0     0     0     0     1     0     0     0     0     0     0     0     0     0     0     1     0 
    0     1     1     0     0     0     1     0     0     0     0     0     0     0     0     0     0     0     0     0 
    0     0     0     0     0     0     0     1     0     0     0     0     1     0     0     0     1     0     0     1 
    0     1     0     0     0     1     1     0     1     1     0     0     0     0     0     1     1     0     0     0 
    0     0     0     0     0     0     0     0     1     0     0     0     0     0     0     1     0     0     0     0 
    0     0     1     0     0     0     0     0     0     0     0     0     0     0     0     0     0     0     1     0 
    0     1     1     1     0     1     0     0     0     0     0     0     0     0     0     0     0     0     0     0 
    1     0     0     0     0     0     0     1     0     0     0     0     0     0     0     0     0     0     0     0 
    0     0     0     1     0     0     0     0     0     0     1     0     0     0     0     0     0     0     1     0 
    0     0     0     1     0     1     1     1     0     0     0     0     1     1     1     0     0     0     0     1 
    1     1     0     0     1     0     0     0     0     0     0     0     0     1     0     0     1     1     0     0 
    1     1     0     0     1     1     0     0     1     0     0     0     0     0     0     0     0     0     1     1 
    0     0     0     1     1     0     0     1     0     0     1     0     0     1     0     0     0     0     0     0 
fa 5 4 3 2
T 19 2 6 4
T 19 2 6 4
    0     0     0     0     0     1     0     0     0     1     1     0     0     1     0     1     0     0     1     0 
    1     0     0     0     0     1     1     0     0     0     0     0     0     1     0     0     0     0     0     0 
    0     0     0     0     0     0     1     0     0     1     0     0     0     0     0     0     0     0     1     0 
    0     0     0     0     0     0     0     0     0     1     0     1     0     0     1     0     0     0     1     0 
    0     1     0     0     0     0     1     0     0     0     1     0     0     0     0     0     0     0     0     0 
    0     0     0     0     0     0     0     0     0     0     0     0     0     1     1     0     0     1     1     0 
    0     0     0     0     0     1     0     0     1     1     0     0     0     0     0     0     0     0     0     0 
    0     1     1     0     0     0     0     1     0     0     0     0     0     0     0     0     0     0     1     0 
    0     1     1     0     0     0     1     0     0     0     0     0     0     0     0     0     0     0     0     0 
    0     0     0     0     0     0     0     1     0     0     0     0     1     0     0     0     1     0     0     1 
    0     1     0     0     0     1     1     0     1     1     0     0     0     0     0     1     1     0     0     0 
    0     0     0     0     0     0     0     0     1     0     0     0     0     0     0     1     0     0     0     0 
    0     0     1     0     0     0     0     0     0     0     0     0     0     0     0     0     0     0     1     0 
    0     1     1     1     0     1     0     0     0     0     0     0     0     0     0     0     0     0     0     0 
    1     0     0     0     0     0     0     1     0     0     0     0     0     0     0     0     0     0     0     0 
    0     0     0     1     0     0     0     0     0     0     1     0     0     0     0     0     0     0     1     0 
    0     0     0     1     0     1     1     1     0     0     0     0     1     1     1     0     0     0     0     1 
    1     1     0     0     1     0     0     0     0     0     0     0     0     1     0     0     1     1     0     0 
    1     1     0     0     1     1     0     0     1     0     0     0     0     0     0     0     0     0     1     1 
    0     0     0     1     1     0     0     1     0     0     1     0     0     1     0     0     0     0     0     0 
fa 6 4 3 2
T 20 2 7 4
    0     0     0     0     0     1     0     0     0     1     1     0     0     1     0     1     0     0     1     0 
    1     0     0     0     0     1     1     0     0     0     0     0     0     1     0     0     0     0     0     0 
    0     0     0     0     0     0     1     0     0     1     0     0     0     0     0     0     0     0     1     0 
    0     0     0     0     0     0     0     0     0     1     0     1     0     0     1     0     0     0     1     0 
    0     1     0     0     0     0     1     0     0     0     1     0     0     0     0     0     0     0     0     0 
    0     0     0     0     0     0     0     0     0     0     0     0     0     1     1     0     0     1     1     0 
    0     0     0     0     0     1     0     0     1     1     0     0     0     0     0     0     0     0     0     0 
    0     1     1     0     0     0     0     1     0     0     0     0     0     0     0     0     0     0     1     0 
    0     1     1     0     0     0     1     0     0     0     0     0     0     0     0     0     0     0     0     0 
    0     0     0     0     0     0     0     1     0     0     0     0     1     0     0     0     1     0     0     1 
    0     1     0     0     0     1     1     0     1     1     0     0     0     0     0     1     1     0     0     0 
    0     0     0     0     0     0     0     0     1     0     0     0     0     0     0     1     0     0     0     0 
    0     0     1     0     0     0     0     0     0     0     0     0     0     0     0     0     0     0     1     0 
    0     1     1     1     0     1     0     0     0     0     0     0     0     0     0     0     0     0     0     0 
    1     0     0     0     0     0     0     1     0     0     0     0     0     0     0     0     0     0     0     0 
    0     0     0     1     0     0     0     0     0     0     1     0     0     0     0     0     0     0     1     0 
    0     0     0     1     0     1     1     1     0     0     0     0     1     1     1     0     0     0     0     1 
    1     1     0     0     1     0     0     0     0     0     0     0     0     1     0     0     1     1     0     0 
    1     1     0     0     1     1     0     0     1     0     0     0     0     0     0     0     0     0     1     1 
    0     0     0     1     1     0     0     1     0     0     1     0     0     1     0     0     0     0     0     0 
fa 7 4 3 1
T 21 2 8 4
    0     0     0     0     0     1     0     0     0     1     1     0     0     1     0     1     0     0     1     0 
    1     0     0     0     0     1     1     0     0     0     0     0     0     1     0     0     0     0     0     0 
    0     0     0     0     0     0     1     0     0     1     0     0     0     0     0     0     0     0     1     0 
    0     0     0     0     0     0     0     0     0     1     0     1     0     0     1     0     0     0     1     0 
    0     1     0     0     0     0     1     0     0     0     1     0     0     0     0     0     0     0     0     0 
    0     0     0     0     0     0     0     0     0     0     0     0     0     1     1     0     0     1     1     0 
    0     0     0     0     0     1     0     0     1     1     0     0     0     0     0     0     0     0     0     0 
    0     1     0     0     0     0     0     1     0     0     0     0     0     0     0     0     0     0     1     0 
    0     1     1     0     0     0     1     0     0     0     0     0     0     0     0     0     0     0     0     0 
    0     0     0     0     0     0     0     1     0     0     0     0     1     0     0     0     1     0     0     1 
    0     1     0     0     0     1     1     0     1     1     0     0     0     0     0     1     1     0     0     0 
    0     0     0     0     0     0     0     0     1     0     0     0     0     0     0     1     0     0     0     0 
    0     0     1     0     0     0     0     0     0     0     0     0     0     0     0     0     0     0     1     0 
    0     1     1     1     0     1     0     0     0     0     0     0     0     0     0     0     0     0     0     0 
    1     0     0     0     0     0     0     1     0     0     0     0     0     0     0     0     0     0     0     0 
    0     0     0     1     0     0     0     0     0     0     1     0     0     0     0     0     0     0     1     0 
    0     0     0     1     0     1     1     1     0     0     0     0     1     1     1     0     0     0     0     1 
    1     1     0     0     1     0     0     0     0     0     0     0     0     1     0     0     1     1     0     0 
    1     1     0     0     1     1     0     0     1     0     0     0     0     0     0     0     0     0     1     1 
    0     0     0     1     1     0     0     1     0     0     1     0     0     1     0     0     0     0     0     0 
fa 2 3 3 4
T 22 2 8 4
T 22 2 8 4
    0     0     0     0     0     1     0     0     0     1     1     0     0     1     0     1     0     0     1     0 
    1     0     0     0     0     1     1     0     0     0     0     0     0     1     0     0     0     0     0     0 
    0     0     0     0     0     0     1     0     0     1     0     0     0     0     0     0     0     0     1     0 
    0     0     0     0     0     0     0     0     0     1     0     1     0     0     1     0     0     0     1     0 
    0     1     0     0     0     0     1     0     0     0     1     0     0     0     0     0     0     0     0     0 
    0     0     0     0     0     0     0     0     0     0     0     0     0     1     1     0     0     1     1     0 
    0     0     0     0     0     1     0     0     1     1     0     0     0     0     0     0     0     0     0     0 
    0     1     0     0     0     0     0     1     0     0     0     0     0     0     0     0     0     0     1     0 
    0     1     0     0     0     0     1     0     0     0     0     0     0     0     0     0     0     0     0     0 
    0     0     0     0     0     0     0     1     0     0     0     0     1     0     0     0     1     0     0     1 
    0     1     0     0     0     1     1     0     1     1     0     0     0     0     0     1     1     0     0     0 
    0     0     0     0     0     0     0     0     1     0     0     0     0     0     0     1     0     0     0     0 
    0     0     1     0     0     0     0     0     0     0     0     0     0     0     0     0     0     0     1     0 
    0     1     1     1     0     1     0     0     0     0     0     0     0     0     0     0     0     0     0     0 
    1     0     0     0     0     0     0     1     0     0     0     0     0     0     0     0     0     0     0     0 
    0     0     0     1     0     0     0     0     0     0     1     0     0     0     0     0     0     0     1     0 
    0     0     0     1     0     1     1     1     0     0     0     0     1     1     1     0     0     0     0     1 
    1     1     0     0     1     0     0     0     0     0     0     0     0     1     0     0     1     1     0     0 
    1     1     0     0     1     1     0     0     1     0     0     0     0     0     0     0     0     0     1     1 
    0     0     0     1     1     0     0     1     0     0     1     0     0     1     0     0     0     0     0     0 
fa 3 3 1 4
T 23 2 8 4
T 23 2 8 4
    0     0     0     0     0     1     0     0     0     1     1     0     0     1     0     1     0     0     1     0 
    1     0     0     0     0     1     1     0     0     0     0     0     0     1     0     0     0     0     0     0 
    0     0     0     0     0     0     1     0     0     1     0     0     0     0     0     0     0     0     1     0 
    0     0     0     0     0     0     0     0     0     1     0     1     0     0     1     0     0     0     1     0 
    0     1     0     0     0     0     1     0     0     0     1     0     0     0     0     0     0     0     0     0 
    0     0     0     0     0     0     0     0     0     0     0     0     0     1     1     0     0     1     1     0 
    0     0     0     0     0     1     0     0     1     1     0     0     0     0     0     0     0     0     0     0 
    0     1     0     0     0     0     0     1     0     0     0     0     0     0     0     0     0     0     1     0 
    0     1     0     0     0     0     1     0     0     0     0     0     0     0     0     0     0     0     0     0 
    0     0     0     0     0     0     0     1     0     0     0     0     1     0     0     0     1     0     0     1 
    0     1     0     0     0     1     1     0     1     1     0     0     0     0     0     1     1     0     0     0 
    0     0     0     0     0     0     0     0     1     0     0     0     0     0     0     1     0     0     0     0 
    0     0     1     0     0     0     0     0     0     0     0     0     0     0     0     0     0     0     1     0 
    0     1     1     1     0     1     0     0     0     0     0     0     0     0     0     0     0     0     0     0 
    1     0     0     0     0     0     0     1     0     0     0     0     0     0     0     0     0     0     0     0 
    0     0     0     1     0     0     0     0     0     0     1     0     0     0     0     0     0     0     1     0 
    0     0     0     1     0     1     1     1     0     0     0     0     1     1     1     0     0     0     0     1 
    1     1     0     0     1     0     0     0     0     0     0     0     0     1     0     0     1     1     0     0 
    1     1     0     0     1     1     0     0     1     0     0     0     0     0     0     0     0     0     1     1 
    0     0     0     1     1     0     0     1     0     0     1     0     0     1     0     0     0     0     0     0 
fa 3 4 3 4
T 24 2 8 4
T 24 2 8 4
    0     0     0     0     0     1     0     0     0     1     1     0     0     1     0     1     0     0     1     0 
    1     0     0     0     0     1     1     0     0     0     0     0     0     1     0     0     0     0     0     0 
    0     0     0     0     0     0     1     0     0     1     0     0     0     0     0     0     0     0     1     0 
    0     0     0     0     0     0     0     0     0     1     0     1     0     0     1     0     0     0     1     0 
    0     1     0     0     0     0     1     0     0     0     1     0     0     0     0     0     0     0     0     0 
    0     0     0     0     0     0     0     0     0     0     0     0     0     1     1     0     0     1     1     0 
    0     0     0     0     0     1     0     0     1     1     0     0     0     0     0     0     0     0     0     0 
    0     1     0     0     0     0     0     1     0     0     0     0     0     0     0     0     0     0     1     0 
    0     1     0     0     0     0     1     0     0     0     0     0     0     0     0     0     0     0     0     0 
    0     0     0     0     0     0     0     1     0     0     0     0     1     0     0     0     1     0     0     1 
    0     1     0     0     0     1     1     0     1     1     0     0     0     0     0     1     1     0     0     0 
    0     0     0     0     0     0     0     0     1     0     0     0     0     0     0     1     0     0     0     0 
    0     0     1     0     0     0     0     0     0     0     0     0     0     0     0     0     0     0     1     0 
    0     1     1     1     0     1     0     0     0     0     0     0     0     0     0     0     0     0     0     0 
    1     0     0     0     0     0     0     1     0     0     0     0     0     0     0     0     0     0     0     0 
    0     0     0     1     0     0     0     0     0     0     1     0     0     0     0     0     0     0     1     0 
    0     0     0     1     0     1     1     1     0     0     0     0     1     1     1     0     0     0     0     1 
    1     1     0     0     1     0     0     0     0     0     0     0     0     1     0     0     1     1     0     0 
    1     1     0     0     1     1     0     0     1     0     0     0     0     0     0     0     0     0     1     1 
    0     0     0     1     1     0     0     1     0     0     1     0     0     1     0     0     0     0     0     0 
fa 4 4 3 4
T 25 2 8 4
T 25 2 8 4
    0     0     0     0     0     1     0     0     0     1     1     0     0     1     0     1     0     0     1     0 
    1     0     0     0     0     1     1     0     0     0     0     0     0     1     0     0     0     0     0     0 
    0     0     0     0     0     0     1     0     0     1     0     0     0     0     0     0     0     0     1     0 
    0     0     0     0     0     0     0     0     0     1     0     1     0     0     1     0     0     0     1     0 
    0     1     0     0     0     0     1     0     0     0     1     0     0     0     0     0     0     0     0     0 
    0     0     0     0     0     0     0     0     0     0     0     0     0     1     1     0     0     1     1     0 
    0     0     0     0     0     1     0     0     1     1     0     0     0     0     0     0     0     0     0     0 
    0     1     0     0     0     0     0     1     0     0     0     0     0     0     0     0     0     0     1     0 
    0     1     0     0     0     0     1     0     0     0     0     0     0     0     0     0     0     0     0     0 
    0     0     0     0     0     0     0     1     0     0     0     0     1     0     0     0     1     0     0     1 
    0     1     0     0     0     1     1     0     1     1     0     0     0     0     0     1     1     0     0     0 
    0     0     0     0     0     0     0     0     1     0     0     0     0     0     0     1     0     0     0     0 
    0     0     1     0     0     0     0     0     0     0     0     0     0     0     0     0     0     0     1     0 
    0     1     1     1     0     1     0     0     0     0     0     0     0     0     0     0     0     0     0     0 
    1     0     0     0     0     0     0     1     0     0     0     0     0     0     0     0     0     0     0     0 
    0     0     0     1     0     0     0     0     0     0     1     0     0     0     0     0     0     0     1     0 
    0     0     0     1     0     1     1     1     0     0     0     0     1     1     1     0     0     0     0     1 
    1     1     0     0     1     0     0     0     0     0     0     0     0     1     0     0     1     1     0     0 
    1     1     0     0     1     1     0     0     1     0     0     0     0     0     0     0     0     0     1     1 
    0     0     0     1     1     0     0     1     0     0     1     0     0     1     0     0     0     0     0     0 
fa 5 4 3 4
T 26 2 8 4
T 26 2 8 4
    0     0     0     0     0     1     0     0     0     1     1     0     0     1     0     1     0     0     1     0 
    1     0     0     0     0     1     1     0     0     0     0     0     0     1     0     0     0     0     0     0 
    0     0     0     0     0     0     1     0     0     1     0     0     0     0     0     0     0     0     1     0 
    0     0     0     0     0     0     0     0     0     1     0     1     0     0     1     0     0     0     1     0 
    0     1     0     0     0     0     1     0     0     0     1     0     0     0     0     0     0     0     0     0 
    0     0     0     0     0     0     0     0     0     0     0     0     0     1     1     0     0     1     1     0 
    0     0     0     0     0     1     0     0     1     1     0     0     0     0     0     0     0     0     0     0 
    0     1     0     0     0     0     0     1     0     0     0     0     0     0     0     0     0     0     1     0 
    0     1     0     0     0     0     1     0     0     0     0     0     0     0     0     0     0     0     0     0 
    0     0     0     0     0     0     0     1     0     0     0     0     1     0     0     0     1     0     0     1 
    0     1     0     0     0     1     1     0     1     1     0     0     0     0     0     1     1     0     0     0 
    0     0     0     0     0     0     0     0     1     0     0     0     0     0     0     1     0     0     0     0 
    0     0     1     0     0     0     0     0     0     0     0     0     0     0     0     0     0     0     1     0 
    0     1     1     1     0     1     0     0     0     0     0     0     0     0     0     0     0     0     0     0 
    1     0     0     0     0     0     0     1     0     0     0     0     0     0     0     0     0     0     0     0 
    0     0     0     1     0     0     0     0     0     0     1     0     0     0     0     0     0     0     1     0 
    0     0     0     1     0     1     1     1     0     0     0     0     1     1     1     0     0     0     0     1 
    1     1     0     0     1     0     0     0     0     0     0     0     0     1     0     0     1     1     0     0 
    1     1     0     0     1     1     0     0     1     0     0     0     0     0     0     0     0     0     1     1 
    0     0     0     1     1     0     0     1     0     0     1     0     0     1     0     0     0     0     0     0 
fa 6 4 3 4
T 27 2 8 4
T 27 2 8 4
    0     0     0     0     0     1     0     0     0     1     1     0     0     1     0     1     0     0     1     0 
    1     0     0     0     0     1     1     0     0     0     0     0     0     1     0     0     0     0     0     0 
    0     0     0     0     0     0     1     0     0     1     0     0     0     0     0     0     0     0     1     0 
    0     0     0     0     0     0     0     0     0     1     0     1     0     0     1     0     0     0     1     0 
    0     1     0     0     0     0     1     0     0     0     1     0     0     0     0     0     0     0     0     0 
    0     0     0     0     0     0     0     0     0     0     0     0     0     1     1     0     0     1     1     0 
    0     0     0     0     0     1     0     0     1     1     0     0     0     0     0     0     0     0     0     0 
    0     1     0     0     0     0     0     1     0     0     0     0     0     0     0     0     0     0     1     0 
    0     1     0     0     0     0     1     0     0     0     0     0     0     0     0     0     0     0     0     0 
    0     0     0     0     0     0     0     1     0     0     0     0     1     0     0     0     1     0     0     1 
    0     1     0     0     0     1     1     0     1     1     0     0     0     0     0     1     1     0     0     0 
    0     0     0     0     0     0     0     0     1     0     0     0     0     0     0     1     0     0     0     0 
    0     0     1     0     0     0     0     0     0     0     0     0     0     0     0     0     0     0     1     0 
    0     1     1     1     0     1     0     0     0     0     0     0     0     0     0     0     0     0     0     0 
    1     0     0     0     0     0     0     1     0     0     0     0     0     0     0     0     0     0     0     0 
    0     0     0     1     0     0     0     0     0     0     1     0     0     0     0     0     0     0     1     0 
    0     0     0     1     0     1     1     1     0     0     0     0     1     1     1     0     0     0     0     1 
    1     1     0     0     1     0     0     0     0     0     0     0     0     1     0     0     1     1     0     0 
    1     1     0     0     1     1     0     0     1     0     0     0     0     0     0     0     0     0     1     1 
    0     0     0     1     1     0     0     1     0     0     1     0     0     1     0     0     0     0     0     0 
fa 7 4 3 4
T 28 2 8 4
T 28 2 8 4
    0     0     0     0     0     1     0     0     0     1     1     0     0     1     0     1     0     0     1     0 
    1     0     0     0     0     1     1     0     0     0     0     0     0     1     0     0     0     0     0     0 
    0     0     0     0     0     0     1     0     0     1     0     0     0     0     0     0     0     0     1     0 
    0     0     0     0     0     0     0     0     0     1     0     1     0     0     1     0     0     0     1     0 
    0     1     0     0     0     0     1     0     0     0     1     0     0     0     0     0     0     0     0     0 
    0     0     0     0     0     0     0     0     0     0     0     0     0     1     1     0     0     1     1     0 
    0     0     0     0     0     1     0     0     1     1     0     0     0     0     0     0     0     0     0     0 
    0     1     0     0     0     0     0     1     0     0     0     0     0     0     0     0     0     0     1     0 
    0     1     0     0     0     0     1     0     0     0     0     0     0     0     0     0     0     0     0     0 
    0     0     0     0     0     0     0     1     0     0     0     0     1     0     0     0     1     0     0     1 
    0     1     0     0     0     1     1     0     1     1     0     0     0     0     0     1     1     0     0     0 
    0     0     0     0     0     0     0     0     1     0     0     0     0     0     0     1     0     0     0     0 
    0     0     1     0     0     0     0     0     0     0     0     0     0     0     0     0     0     0     1     0 
    0     1     1     1     0     1     0     0     0     0     0     0     0     0     0     0     0     0     0     0 
    1     0     0     0     0     0     0     1     0     0     0     0     0     0     0     0     0     0     0     0 
    0     0     0     1     0     0     0     0     0     0     1     0     0     0     0     0     0     0     1     0 
    0     0     0     1     0     1     1     1     0     0     0     0     1     1     1     0     0     0     0     1 
    1     1     0     0     1     0     0     0     0     0     0     0     0     1     0     0     1     1     0     0 
    1     1     0     0     1     1     0     0     1     0     0     0     0     0     0     0     0     0     1     1 
    0     0     0     1     1     0     0     1     0     0     1     0     0     1     0     0     0     0     0     0 
fa 8 4 1 4
T 29 2 8 5
    0     0     0     0     0     1     0     0     0     1     1     0     0     1     0     1     0     0     1     0 
    1     0     0     0     0     1     1     0     0     0     0     0     0     1     0     0     0     0     0     0 
    0     0     0     0     0     0     1     0     0     1     0     0     0     0     0     0     0     0     1     0 
    0     0     0     0     0     0     0     0     0     1     0     1     0     0     1     0     0     0     1     0 
    0     1     0     0     0     0     1     0     0     0     1     0     0     0     0     0     0     0     0     0 
    0     0     0     0     0     0     0     0     0     0     0     0     0     1     1     0     0     1     1     0 
    0     0     0     0     0     1     0     0     1     1     0     0     0     0     0     0     0     0     0     0 
    0     1     0     0     0     0     0     1     0     0     0     0     0     0     0     0     0     0     1     0 
    0     1     0     0     0     0     1     0     0     0     0     0     0     0     0     0     0     0     0     0 
    0     0     0     0     0     0     0     1     0     0     0     0     1     0     0     0     1     0     0     1 
    0     1     0     0     0     1     1     0     1     1     0     0     0     0     0     1     1     0     0     0 
    0     0     0     0     0     0     0     0     1     0     0     0     0     0     0     1     0     0     0     0 
    0     0     1     0     0     0     0     0     0     0     0     0     0     0     0     0     0     0     1     0 
    0     1     1     1     0     1     0     0     0     0     0     0     0     0     0     0     0     0     0     0 
    1     0     0     0     0     0     0     1     0     0     0     0     0     0     0     0     0     0     0     0 
    0     0     0     1     0     0     0     0     0     0     1     0     0     0     0     0     0     0     1     0 
    0     0     0     1     0     1     1     1     0     0     0     0     1     1     1     0     0     0     0     1 
    1     1     0     0     1     0     0     0     0     0     0     0     0     1     0     0     1     1     0     0 
    1     1     0     0     1     1     0     0     1     0     0     0     0     0     0     0     0     0     1     1 
    0     0     0     1     1     0     0     1     0     0     1     0     0     1     0     0     0     0     0     0 
fa 8 5 1 3
T 30 2 8 6
    0     0     0     0     0     1     0     0     0     1     1     0     0     1     0     1     0     0     1     0 
    1     0     0     0     0     1     1     0     0     0     0     0     0     1     0     0     0     0     0     0 
    0     0     0     0     0     0     1     0     0     1     0     0     0     0     0     0     0     0     1     0 
    0     0     0     0     0     0     0     0     0     1     0     1     0     0     1     0     0     0     1     0 
    0     1     0     0     0     0     1     0     0     0     1     0     0     0     0     0     0     0     0     0 
    0     0     0     0     0     0     0     0     0     0     0     0     0     1     1     0     0     1     1     0 
    0     0     0     0     0     0     0     0     1     1     0     0     0     0     0     0     0     0     0     0 
    0     1     0     0     0     0     0     1     0     0     0     0     0     0     0     0     0     0     1     0 
    0     1     0     0     0     0     1     0     0     0     0     0     0     0     0     0     0     0     0     0 
    0     0     0     0     0     0     0     1     0     0     0     0     1     0     0     0     1     0     0     1 
    0     1     0     0     0     1     1     0     1     1     0     0     0     0     0     1     1     0     0     0 
    0     0     0     0     0     0     0     0     1     0     0     0     0     0     0     1     0     0     0     0 
    0     0     1     0     0     0     0     0     0     0     0     0     0     0     0     0     0     0     1     0 
    0     1     1     1     0     1     0     0     0     0     0     0     0     0     0     0     0     0     0     0 
    1     0     0     0     0     0     0     1     0     0     0     0     0     0     0     0     0     0     0     0 
    0     0     0     1     0     0     0     0     0     0     1     0     0     0     0     0     0     0     1     0 
    0     0     0     1     0     1     1     1     0     0     0     0     1     1     1     0     0     0     0     1 
    1     1     0     0     1     0     0     0     0     0     0     0     0     1     0     0     1     1     0     0 
    1     1     0     0     1     1     0     0     1     0     0     0     0     0     0     0     0     0     1     1 
    0     0     0     1     1     0     0     1     0     0     1     0     0     1     0     0     0     0     0     0 
fa 8 6 1 2
T 31 2 8 7
    0     0     0     0     0     1     0     0     0     1     1     0     0     1     0     1     0     0     1     0 
    1     0     0     0     0     1     1     0     0     0     0     0     0     1     0     0     0     0     0     0 
    0     0     0     0     0     0     1     0     0     1     0     0     0     0     0     0     0     0     1     0 
    0     0     0     0     0     0     0     0     0     1     0     1     0     0     1     0     0     0     1     0 
    0     1     0     0     0     0     1     0     0     0     1     0     0     0     0     0     0     0     0     0 
    0     0     0     0     0     0     0     0     0     0     0     0     0     1     1     0     0     1     1     0 
    0     0     0     0     0     0     0     0     1     1     0     0     0     0     0     0     0     0     0     0 
    0     1     0     0     0     0     0     1     0     0     0     0     0     0     0     0     0     0     1     0 
    0     1     0     0     0     0     0     0     0     0     0     0     0     0     0     0     0     0     0     0 
    0     0     0     0     0     0     0     1     0     0     0     0     1     0     0     0     1     0     0     1 
    0     1     0     0     0     1     1     0     1     1     0     0     0     0     0     1     1     0     0     0 
    0     0     0     0     0     0     0     0     1     0     0     0     0     0     0     1     0     0     0     0 
    0     0     1     0     0     0     0     0     0     0     0     0     0     0     0     0     0     0     1     0 
    0     1     1     1     0     1     0     0     0     0     0     0     0     0     0     0     0     0     0     0 
    1     0     0     0     0     0     0     1     0     0     0     0     0     0     0     0     0     0     0     0 
    0     0     0     1     0     0     0     0     0     0     1     0     0     0     0     0     0     0     1     0 
    0     0     0     1     0     1     1     1     0     0     0     0     1     1     1     0     0     0     0     1 
    1     1     0     0     1     0     0     0     0     0     0     0     0     1     0     0     1     1     0     0 
    1     1     0     0     1     1     0     0     1     0     0     0     0     0     0     0     0     0     1     1 
    0     0     0     1     1     0     0     1     0     0     1     0     0     1     0     0     0     0     0     0 
fa 8 7 2 1
T 32 2 7 7
    0     0     0     0     0     1     0     0     0     1     1     0     0     1     0     1     0     0     1     0 
    1     0     0     0     0     1     1     0     0     0     0     0     0     1     0     0     0     0     0     0 
    0     0     0     0     0     0     1     0     0     1     0     0     0     0     0     0     0     0     1     0 
    0     0     0     0     0     0     0     0     0     1     0     1     0     0     1     0     0     0     1     0 
    0     1     0     0     0     0     1     0     0     0     1     0     0     0     0     0     0     0     0     0 
    0     0     0     0     0     0     0     0     0     0     0     0     0     1     1     0     0     1     1     0 
    0     0     0     0     0     0     0     0     1     1     0     0     0     0     0     0     0     0     0     0 
    0     1     0     0     0     0     0     0     0     0     0     0     0     0     0     0     0     0     1     0 
    0     1     0     0     0     0     0     0     0     0     0     0     0     0     0     0     0     0     0     0 
    0     0     0     0     0     0     0     1     0     0     0     0     1     0     0     0     1     0     0     1 
    0     1     0     0     0     1     1     0     1     1     0     0     0     0     0     1     1     0     0     0 
    0     0     0     0     0     0     0     0     1     0     0     0     0     0     0     1     0     0     0     0 
    0     0     1     0     0     0     0     0     0     0     0     0     0     0     0     0     0     0     1     0 
    0     1     1     1     0     1     0     0     0     0     0     0     0     0     0     0     0     0     0     0 
    1     0     0     0     0     0     0     1     0     0     0     0     0     0     0     0     0     0     0     0 
    0     0     0     1     0     0     0     0     0     0     1     0     0     0     0     0     0     0     1     0 
    0     0     0     1     0     1     1     1     0     0     0     0     1     1     1     0     0     0     0     1 
    1     1     0     0     1     0     0     0     0     0     0     0     0     1     0     0     1     1     0     0 
    1     1     0     0     1     1     0     0     1     0     0     0     0     0     0     0     0     0     1     1 
    0     0     0     1     1     0     0     1     0     0     1     0     0     1     0     0     0     0     0     0 
fa 2 3 3 5
T 33 2 7 7
T 33 2 7 7
    0     0     0     0     0     1     0     0     0     1     1     0     0     1     0     1     0     0     1     0 
    1     0     0     0     0     1     1     0     0     0     0     0     0     1     0     0     0     0     0     0 
    0     0     0     0     0     0     1     0     0     1     0     0     0     0     0     0     0     0     1     0 
    0     0     0     0     0     0     0     0     0     1     0     1     0     0     1     0     0     0     1     0 
    0     1     0     0     0     0     1     0     0     0     1     0     0     0     0     0     0     0     0     0 
    0     0     0     0     0     0     0     0     0     0     0     0     0     1     1     0     0     1     1     0 
    0     0     0     0     0     0     0     0     1     1     0     0     0     0     0     0     0     0     0     0 
    0     1     0     0     0     0     0     0     0     0     0     0     0     0     0     0     0     0     1     0 
    0     1     0     0     0     0     0     0     0     0     0     0     0     0     0     0     0     0     0     0 
    0     0     0     0     0     0     0     1     0     0     0     0     1     0     0     0     1     0     0     1 
    0     1     0     0     0     1     1     0     1     1     0     0     0     0     0     1     1     0     0     0 
    0     0     0     0     0     0     0     0     1     0     0     0     0     0     0     1     0     0     0     0 
    0     0     1     0     0     0     0     0     0     0     0     0     0     0     0     0     0     0     1     0 
    0     1     1     1     0     1     0     0     0     0     0     0     0     0     0     0     0     0     0     0 
    1     0     0     0     0     0     0     1     0     0     0     0     0     0     0     0     0     0     0     0 
    0     0     0     1     0     0     0     0     0     0     1     0     0     0     0     0     0     0     1     0 
    0     0     0     1     0     1     1     1     0     0     0     0     1     1     1     0     0     0     0     1 
    1     1     0     0     1     0     0     0     0     0     0     0     0     1     0     0     1     1     0     0 
    1     1     0     0     1     1     0     0     1     0     0     0     0     0     0     0     0     0     1     1 
    0     0     0     1     1     0     0     1     0     0     1     0     0     1     0     0     0     0     0     0 
fa 3 3 1 5
T 34 2 7 7
T 34 2 7 7
    0     0     0     0     0     1     0     0     0     1     1     0     0     1     0     1     0     0     1     0 
    1     0     0     0     0     1     1     0     0     0     0     0     0     1     0     0     0     0     0     0 
    0     0     0     0     0     0     1     0     0     1     0     0     0     0     0     0     0     0     1     0 
    0     0     0     0     0     0     0     0     0     1     0     1     0     0     1     0     0     0     1     0 
    0     1     0     0     0     0     1     0     0     0     1     0     0     0     0     0     0     0     0     0 
    0     0     0     0     0     0     0     0     0     0     0     0     0     1     1     0     0     1     1     0 
    0     0     0     0     0     0     0     0     1     1     0     0     0     0     0     0     0     0     0     0 
    0     1     0     0     0     0     0     0     0     0     0     0     0     0     0     0     0     0     1     0 
    0     1     0     0     0     0     0     0     0     0     0     0     0     0     0     0     0     0     0     0 
    0     0     0     0     0     0     0     1     0     0     0     0     1     0     0     0     1     0     0     1 
    0     1     0     0     0     1     1     0     1     1     0     0     0     0     0     1     1     0     0     0 
    0     0     0     0     0     0     0     0     1     0     0     0     0     0     0     1     0     0     0     0 
    0     0     1     0     0     0     0     0     0     0     0     0     0     0     0     0     0     0     1     0 
    0     1     1     1     0     1     0     0     0     0     0     0     0     0     0     0     0     0     0     0 
    1     0     0     0     0     0     0     1     0     0     0     0     0     0     0     0     0     0     0     0 
    0     0     0     1     0     0     0     0     0     0     1     0     0     0     0     0     0     0     1     0 
    0     0     0     1     0     1     1     1     0     0     0     0     1     1     1     0     0     0     0     1 
    1     1     0     0     1     0     0     0     0     0     0     0     0     1     0     0     1     1     0     0 
    1     1     0     0     1     1     0     0     1     0     0     0     0     0     0     0     0     0     1     1 
    0     0     0     1     1     0     0     1     0     0     1     0     0     1     0     0     0     0     0     0 
fa 3 4 3 5
T 35 2 7 7
T 35 2 7 7
    0     0     0     0     0     1     0     0     0     1     1     0     0     1     0     1     0     0     1     0 
    1     0     0     0     0     1     1     0     0     0     0     0     0     1     0     0     0     0     0     0 
    0     0     0     0     0     0     1     0     0     1     0     0     0     0     0     0     0     0     1     0 
    0     0     0     0     0     0     0     0     0     1     0     1     0     0     1     0     0     0     1     0 
    0     1     0     0     0     0     1     0     0     0     1     0     0     0     0     0     0     0     0     0 
    0     0     0     0     0     0     0     0     0     0     0     0     0     1     1     0     0     1     1     0 
    0     0     0     0     0     0     0     0     1     1     0     0     0     0     0     0     0     0     0     0 
    0     1     0     0     0     0     0     0     0     0     0     0     0     0     0     0     0     0     1     0 
    0     1     0     0     0     0     0     0     0     0     0     0     0     0     0     0     0     0     0     0 
    0     0     0     0     0     0     0     1     0     0     0     0     1     0     0     0     1     0     0     1 
    0     1     0     0     0     1     1     0     1     1     0     0     0     0     0     1     1     0     0     0 
    0     0     0     0     0     0     0     0     1     0     0     0     0     0     0     1     0     0     0     0 
    0     0     1     0     0     0     0     0     0     0     0     0     0     0     0     0     0     0     1     0 
    0     1     1     1     0     1     0     0     0     0     0     0     0     0     0     0     0     0     0     0 
    1     0     0     0     0     0     0     1     0     0     0     0     0     0     0     0     0     0     0     0 
    0     0     0     1     0     0     0     0     0     0     1     0     0     0     0     0     0     0     1     0 
    0     0     0     1     0     1     1     1     0     0     0     0     1     1     1     0     0     0     0     1 
    1     1     0     0     1     0     0     0     0     0     0     0     0     1     0     0     1     1     0     0 
    1     1     0     0     1     1     0     0     1     0     0     0     0     0     0     0     0     0     1     1 
    0     0     0     1     1     0     0     1     0     0     1     0     0     1     0     0     0     0     0     0 
fa 4 4 3 5
T 36 2 7 7
T 36 2 7 7
    0     0     0     0     0     1     0     0     0     1     1     0     0     1     0     1     0     0     1     0 
    1     0     0     0     0     1     1     0     0     0     0     0     0     1     0     0     0     0     0     0 
    0     0     0     0     0     0     1     0     0     1     0     0     0     0     0     0     0     0     1     0 
    0     0     0     0     0     0     0     0     0     1     0     1     0     0     1     0     0     0     1     0 
    0     1     0     0     0     0     1     0     0     0     1     0     0     0     0     0     0     0     0     0 
    0     0     0     0     0     0     0     0     0     0     0     0     0     1     1     0     0     1     1     0 
    0     0     0     0     0     0     0     0     1     1     0     0     0     0     0     0     0     0     0     0 
    0     1     0     0     0     0     0     0     0     0     0     0     0     0     0     0     0     0     1     0 
    0     1     0     0     0     0     0     0     0     0     0     0     0     0     0     0     0     0     0     0 
    0     0     0     0     0     0     0     1     0     0     0     0     1     0     0     0     1     0     0     1 
    0     1     0     0     0     1     1     0     1     1     0     0     0     0     0     1     1     0     0     0 
    0     0     0     0     0     0     0     0     1     0     0     0     0     0     0     1     0     0     0     0 
    0     0     1     0     0     0     0     0     0     0     0     0     0     0     0     0     0     0     1     0 
    0     1     1     1     0     1     0     0     0     0     0     0     0     0     0     0     0     0     0     0 
    1     0     0     0     0     0     0     1     0     0     0     0     0     0     0     0     0     0     0     0 
    0     0     0     1     0     0     0     0     0     0     1     0     0     0     0     0     0     0     1     0 
    0     0     0     1     0     1     1     1     0     0     0     0     1     1     1     0     0     0     0     1 
    1     1     0     0     1     0     0     0     0     0     0     0     0     1     0     0     1     1     0     0 
    1     1     0     0     1     1     0     0     1     0     0     0     0     0     0     0     0     0     1     1 
    0     0     0     1     1     0     0     1     0     0     1     0     0     1     0     0     0     0     0     0 
fa 5 4 3 5
T 37 2 7 7
T 37 2 7 7
    0     0     0     0     0     1     0     0     0     1     1     0     0     1     0     1     0     0     1     0 
    1     0     0     0     0     1     1     0     0     0     0     0     0     1     0     0     0     0     0     0 
    0     0     0     0     0     0     1     0     0     1     0     0     0     0     0     0     0     0     1     0 
    0     0     0     0     0     0     0     0     0     1     0     1     0     0     1     0     0     0     1     0 
    0     1     0     0     0     0     1     0     0     0     1     0     0     0     0     0     0     0     0     0 
    0     0     0     0     0     0     0     0     0     0     0     0     0     1     1     0     0     1     1     0 
    0     0     0     0     0     0     0     0     1     1     0     0     0     0     0     0     0     0     0     0 
    0     1     0     0     0     0     0     0     0     0     0     0     0     0     0     0     0     0     1     0 
    0     1     0     0     0     0     0     0     0     0     0     0     0     0     0     0     0     0     0     0 
    0     0     0     0     0     0     0     1     0     0     0     0     1     0     0     0     1     0     0     1 
    0     1     0     0     0     1     1     0     1     1     0     0     0     0     0     1     1     0     0     0 
    0     0     0     0     0     0     0     0     1     0     0     0     0     0     0     1     0     0     0     0 
    0     0     1     0     0     0     0     0     0     0     0     0     0     0     0     0     0     0     1     0 
    0     1     1     1     0     1     0     0     0     0     0     0     0     0     0     0     0     0     0     0 
    1     0     0     0     0     0     0     1     0     0     0     0     0     0     0     0     0     0     0     0 
    0     0     0     1     0     0     0     0     0     0     1     0     0     0     0     0     0     0     1     0 
    0     0     0     1     0     1     1     1     0     0     0     0     1     1     1     0     0     0     0     1 
    1     1     0     0     1     0     0     0     0     0     0     0     0     1     0     0     1     1     0     0 
    1     1     0     0     1     1     0     0     1     0     0     0     0     0     0     0     0     0     1     1 
    0     0     0     1     1     0     0     1     0     0     1     0     0     1     0     0     0     0     0     0 
fa 6 4 3 5
T 38 2 7 7
T 38 2 7 7
    0     0     0     0     0     1     0     0     0     1     1     0     0     1     0     1     0     0     1     0 
    1     0     0     0     0     1     1     0     0     0     0     0     0     1     0     0     0     0     0     0 
    0     0     0     0     0     0     1     0     0     1     0     0     0     0     0     0     0     0     1     0 
    0     0     0     0     0     0     0     0     0     1     0     1     0     0     1     0     0     0     1     0 
    0     1     0     0     0     0     1     0     0     0     1     0     0     0     0     0     0     0     0     0 
    0     0     0     0     0     0     0     0     0     0     0     0     0     1     1     0     0     1     1     0 
    0     0     0     0     0     0     0     0     1     1     0     0     0     0     0     0     0     0     0     0 
    0     1     0     0     0     0     0     0     0     0     0     0     0     0     0     0     0     0     1     0 
    0     1     0     0     0     0     0     0     0     0     0     0     0     0     0     0     0     0     0     0 
    0     0     0     0     0     0     0     1     0     0     0     0     1     0     0     0     1     0     0     1 
    0     1     0     0     0     1     1     0     1     1     0     0     0     0     0     1     1     0     0     0 
    0     0     0     0     0     0     0     0     1     0     0     0     0     0     0     1     0     0     0     0 
    0     0     1     0     0     0     0     0     0     0     0     0     0     0     0     0     0     0     1     0 
    0     1     1     1     0     1     0     0     0     0     0     0     0     0     0     0     0     0     0     0 
    1     0     0     0     0     0     0     1     0     0     0     0     0     0     0     0     0     0     0     0 
    0     0     0     1     0     0     0     0     0     0     1     0     0     0     0     0     0     0     1     0 
    0     0     0     1     0     1     1     1     0     0     0     0     1     1     1     0     0     0     0     1 
    1     1     0     0     1     0     0     0     0     0     0     0     0     1     0     0     1     1     0     0 
    1     1     0     0     1     1     0     0     1     0     0     0     0     0     0     0     0     0     1     1 
    0     0     0     1     1     0     0     1     0     0     1     0     0     1     0     0     0     0     0     0 
fa 7 4 3 5
T 39 2 7 7
T 39 2 7 7
    0     0     0     0     0     1     0     0     0     1     1     0     0     1     0     1     0     0     1     0 
    1     0     0     0     0     1     1     0     0     0     0     0     0     1     0     0     0     0     0     0 
    0     0     0     0     0     0     1     0     0     1     0     0     0     0     0     0     0     0     1     0 
    0     0     0     0     0     0     0     0     0     1     0     1     0     0     1     0     0     0     1     0 
    0     1     0     0     0     0     1     0     0     0     1     0     0     0     0     0     0     0     0     0 
    0     0     0     0     0     0     0     0     0     0     0     0     0     1     1     0     0     1     1     0 
    0     0     0     0     0     0     0     0     1     1     0     0     0     0     0     0     0     0     0     0 
    0     1     0     0     0     0     0     0     0     0     0     0     0     0     0     0     0     0     1     0 
    0     1     0     0     0     0     0     0     0     0     0     0     0     0     0     0     0     0     0     0 
    0     0     0     0     0     0     0     1     0     0     0     0     1     0     0     0     1     0     0     1 
    0     1     0     0     0     1     1     0     1     1     0     0     0     0     0     1     1     0     0     0 
    0     0     0     0     0     0     0     0     1     0     0     0     0     0     0     1     0     0     0     0 
    0     0     1     0     0     0     0     0     0     0     0     0     0     0     0     0     0     0     1     0 
    0     1     1     1     0     1     0     0     0     0     0     0     0     0     0     0     0     0     0     0 
    1     0     0     0     0     0     0     1     0     0     0     0     0     0     0     0     0     0     0     0 
    0     0     0     1     0     0     0     0     0     0     1     0     0     0     0     0     0     0     1     0 
    0     0     0     1     0     1     1     1     0     0     0     0     1     1     1     0     0     0     0     1 
    1     1     0     0     1     0     0     0     0     0     0     0     0     1     0     0     1     1     0     0 
    1     1     0     0     1     1     0     0     1     0     0     0     0     0     0     0     0     0     1     1 
    0     0     0     1     1     0     0     1     0     0     1     0     0     1     0     0     0     0     0     0 
     1     1     0     0     1     0     0     1     0     0     1     0     0     0     0     0     0 
